"","Open","High","Low","Close","Volume"
"2016-10-07",20.29,20.49,20.29,20.45,8645
"2016-10-11",20.92,21.07,20.92,21.05,4933
"2016-10-12",20.72,20.78,20.64,20.77,2112
"2016-10-13",19.92,19.92,19.72,19.84,4352
"2016-10-14",20.29,20.59,20.29,20.53,4091
"2016-10-17",20.15,20.22,20.07,20.2,1572
"2016-10-18",20.19,20.21,20.12,20.18,1474
"2016-10-19",20.49,20.61,20.42,20.49,1912
"2016-10-20",20.98,21.01,20.86,20.87,3275
"2016-10-21",20.16,20.17,19.97,19.98,11195
"2016-10-24",20.13,20.2,20.01,20.16,2578
"2016-10-25",20.05,20.1,20,20.1,2730
"2016-10-26",19.2,19.21,19.1,19.11,10826
"2016-10-27",19.03,19.14,18.96,19.12,3111
"2016-10-28",19.39,19.5,19.38,19.46,4296
"2016-10-31",18.44,18.54,18.41,18.52,6806
"2016-11-01",17.23,17.39,17.22,17.39,13055
"2016-11-02",16.95,16.97,16.78,16.84,12755
"2016-11-03",16.43,16.52,16.39,16.45,12863
"2016-11-04",15.77,15.81,15.71,15.74,14523
"2016-11-07",15.52,15.7,15.48,15.67,17570
"2016-11-08",15.8,15.87,15.74,15.87,15843
"2016-11-09",15.93,16.03,14.7,14.98,35525
"2016-11-10",15.81,16.06,15.81,16.06,19378
"2016-11-11",15.58,15.66,15.52,15.66,9274
"2016-11-14",15.05,15.05,14.82,14.86,23464
"2016-11-15",15.02,15.36,14.96,15.31,11174
"2016-11-16",16.2,16.44,16.09,16.42,24189
"2016-11-17",16.04,16.18,16.03,16.13,10400
"2016-11-18",15.81,16,15.74,15.94,12789
"2016-11-21",16.65,16.81,16.55,16.77,22218
"2016-11-22",17.92,18.09,17.87,18.09,24079
"2016-11-23",17.57,17.68,17.35,17.42,20558
"2016-11-24",17.59,17.6,17.42,17.44,6121
"2016-11-25",17.45,17.47,17.1,17.16,14954
"2016-11-28",15.6,16.25,15.6,15.98,40361
"2016-11-29",16.51,16.61,16.41,16.5,22711
"2016-11-30",15.67,15.75,15.6,15.71,41908
"2016-12-01",17.8,18.65,17.8,18.62,86462
"2016-12-02",19.46,19.5,19.08,19.1,29294
"2016-12-05",19.59,19.71,19.46,19.67,18438
"2016-12-06",19.64,19.7,19.59,19.62,7717
"2016-12-07",19.39,19.4,18.93,19.06,11847
"2016-12-08",18.72,18.72,18.52,18.53,14483
"2016-12-09",19.28,19.52,19.25,19.51,17730
"2016-12-12",21.3,21.5,21.3,21.49,19784
"2016-12-13",20.67,20.82,20.56,20.6,13539
"2016-12-14",20.36,20.43,20.22,20.3,12698
"2016-12-15",19.35,19.46,19.29,19.4,20454
"2016-12-16",19.5,19.62,19.5,19.59,7350
"2016-12-19",20.2,20.5,20.18,20.36,14460
"2016-12-20",20.19,20.19,20.01,20.03,8806
"2016-12-21",20.55,20.59,20.44,20.45,9327
"2016-12-22",19.8,19.88,19.77,19.8,9771
"2016-12-23",19.83,19.91,19.79,19.9,4716
"2016-12-26",20.11,20.14,19.98,19.98,4062
"2016-12-27",20.13,20.24,20.12,20.2,6971
"2016-12-28",20.68,20.75,20.67,20.7,12427
"2016-12-29",20.62,20.78,20.62,20.62,5674
"2016-12-30",20.85,20.87,20.7,20.8,6663
"2017-01-03",20.89,21,20.89,20.93,3378
"2017-01-04",19.9,19.98,19.83,19.98,22159
"2017-01-05",20.26,20.29,20.14,20.24,8768
"2017-01-06",20.54,20.62,20.52,20.56,10562
"2017-01-09",20.65,20.67,20.55,20.58,3756
"2017-01-10",19.4,19.44,19.25,19.38,35232
"2017-01-11",18.62,18.62,18.55,18.57,26933
"2017-01-12",19.36,19.39,19.29,19.32,14198
"2017-01-13",19.85,19.99,19.8,19.9,26549
"2017-01-16",19.5,19.56,19.48,19.53,6026
"2017-01-17",19.5,19.58,19.48,19.5,10205
"2017-01-18",19.52,19.66,19.47,19.61,3811
"2017-01-19",18.82,18.9,18.8,18.86,27509
"2017-01-20",18.86,18.87,18.79,18.85,7519
"2017-01-23",19.45,19.45,19.24,19.27,22936
"2017-01-24",19.17,19.22,19.12,19.2,5617
"2017-02-02",19.54,19.6,19.51,19.54,14072
"2017-02-03",19.74,19.76,19.61,19.75,10636
"2017-02-06",19.75,19.85,19.73,19.84,5372
"2017-02-07",19.28,19.32,19.24,19.25,11823
"2017-02-08",18.1,18.29,18.07,18.29,42928
"2017-02-09",18.75,18.83,18.71,18.81,14602
"2017-02-10",19.09,19.13,19.05,19.06,15676
"2017-02-13",19.53,19.66,19.53,19.58,24223
"2017-02-14",19.14,19.19,19.1,19.12,12071
"2017-02-15",19.09,19.09,18.92,18.97,9136
"2017-02-16",19.04,19.1,19.04,19.07,3421
"2017-02-17",19.21,19.27,19.21,19.23,6733
"2017-02-18",19.22,19.22,19.12,19.17,1338
"2017-02-20",19.23,19.25,19.18,19.23,5699
"2017-02-21",19.33,19.44,19.33,19.37,6892
"2017-02-22",19.6,19.77,19.59,19.72,18276
"2017-02-23",19.42,19.48,19.4,19.48,6166
"2017-02-24",19.57,19.69,19.56,19.64,9694
"2017-03-01",19.37,19.5,19.35,19.46,2352
"2017-03-02",19.21,19.24,19.08,19.1,10499
"2017-03-03",18.55,18.62,18.5,18.55,32156
"2017-03-06",18.79,18.82,18.75,18.78,6145
"2017-03-07",18.8,18.86,18.8,18.81,4998
"2017-03-08",18.59,18.63,18.56,18.61,9530
"2017-03-09",17.95,17.95,17.02,17.64,45785
"2017-03-10",16.58,16.59,16.39,16.46,55965
"2017-03-13",15.48,15.5,15.35,15.42,39244
"2017-03-14",15.55,15.63,15.5,15.62,15409
"2017-03-15",15.59,15.73,15.56,15.68,13998
"2017-03-16",15.99,16.04,15.97,16.01,14003
"2017-03-17",15.81,15.87,15.79,15.82,7683
"2017-03-20",15.54,15.58,15.49,15.55,8452
"2017-03-21",15.58,15.66,15.58,15.63,5425
"2017-03-22",15.08,15.11,14.96,14.97,25371
"2017-03-23",15.16,15.21,15.13,15.21,8198
"2017-03-24",14.85,14.89,14.8,14.89,18737
"2017-03-27",14.88,14.89,14.7,14.7,10049
"2017-03-28",14.86,14.92,14.81,14.92,6114
"2017-03-29",15.19,15.23,15.15,15.22,10824
"2017-03-30",15.8,15.93,15.73,15.9,23824
"2017-03-31",16.2,16.25,16.16,16.19,23276
"2017-04-05",16.82,16.97,16.82,16.97,29342
"2017-04-06",16.64,16.73,16.62,16.7,12377
"2017-04-07",17.22,18.06,17.17,17.81,54616
"2017-04-10",17.81,17.81,17.67,17.75,10011
"2017-04-11",18.23,18.25,18.06,18.11,21639
"2017-04-12",18.46,18.52,18.44,18.45,17601
"2017-04-13",18.08,18.16,18,18.11,9615
"2017-04-14",18,18.09,17.93,17.98,5936
"2017-04-17",18.02,18.07,17.83,17.88,6700
"2017-04-18",17.83,17.87,17.76,17.87,6069
"2017-04-19",17.68,17.68,17.56,17.57,6765
"2017-04-20",16.62,16.64,16.44,16.51,22861
"2017-04-21",16.38,16.38,16.32,16.36,9549
"2017-04-24",15.8,15.82,15.75,15.79,20152
"2017-04-25",15.47,15.57,15.47,15.53,21694
"2017-04-26",15.46,15.57,15.42,15.57,18386
"2017-04-27",15.47,15.49,15.43,15.46,13003
"2017-04-28",15.37,15.63,15.33,15.55,19486
"2017-05-02",15.11,15.13,15,15.01,27115
"2017-05-03",14.7,14.73,14.57,14.6,49921
"2017-05-04",14.41,14.46,14.39,14.42,20270
"2017-05-05",13.23,13.24,12.5,12.58,101147
"2017-05-08",13.86,13.9,13.79,13.85,44424
"2017-05-09",13.74,13.77,13.61,13.66,18032
"2017-05-10",13.53,13.54,13.48,13.49,16480
"2017-05-11",14.19,14.32,14.18,14.26,27881
"2017-05-12",14.42,14.5,14.42,14.46,13447
"2017-05-15",14.4,14.89,14.38,14.81,16945
"2017-05-16",15.04,15.11,14.98,15.04,17732
"2017-05-17",14.56,14.6,14.5,14.59,16046
"2017-05-18",14.99,15.03,14.92,14.92,22826
"2017-05-19",15.2,15.54,15.2,15.51,39564
"2017-05-22",16,16.16,15.99,16.03,28548
"2017-05-23",16.12,16.14,15.88,15.93,30839
"2017-05-24",16.33,16.45,16.31,16.41,34968
"2017-05-25",16.46,16.59,16.45,16.48,20531
"2017-05-26",14.71,14.78,14.39,14.6,59393
"2017-05-31",15.1,15.15,14.91,14.98,25603
"2017-06-01",14.66,14.71,14.61,14.68,22178
"2017-06-02",14.19,14.33,14.18,14.25,31794
"2017-06-03",14.18,14.3,14.17,14.3,6348
"2017-06-05",14.07,14.46,14.05,14.45,28371
"2017-06-06",14,14,13.65,13.74,71533
"2017-06-07",14.13,14.28,14.13,14.23,35608
"2017-06-08",13.11,13.26,13.07,13.26,119955
"2017-06-09",12.87,12.93,12.77,12.89,93095
"2017-06-12",13.07,13.11,13.03,13.08,35776
"2017-06-13",13.18,13.24,13.15,13.24,29128
"2017-06-14",13.03,13.05,12.99,13.02,29013
"2017-06-15",12.39,12.39,12.3,12.32,106359
"2017-06-16",12.15,12.21,12.13,12.21,37479
"2017-06-19",12.2,12.27,12.18,12.25,18601
"2017-06-20",12.1,12.1,12.02,12.03,37189
"2017-06-21",11.55,11.57,11.48,11.51,64562
"2017-06-22",11.13,11.13,10.9,11.04,72358
"2017-06-23",11.19,11.24,11.15,11.23,30879
"2017-06-26",11.39,11.55,11.37,11.52,43339
"2017-06-27",11.47,11.56,11.43,11.53,20504
"2017-06-28",11.7,11.93,11.7,11.9,46627
"2017-06-29",12.24,12.35,12.24,12.35,47558
"2017-06-30",12.38,12.49,12.38,12.41,27422
"2017-07-03",12.93,12.99,12.91,12.92,68719
"2017-07-04",13.27,13.29,13.21,13.25,85934
"2017-07-05",13.39,13.4,13.32,13.35,53493
"2017-07-06",12.55,12.55,12.38,12.5,98176
"2017-07-07",12.23,12.25,12.18,12.2,44191
"2017-07-10",12.07,12.09,12.03,12.08,28923
"2017-07-11",12.1,12.13,11.99,12,30237
"2017-07-12",12.58,12.71,12.58,12.71,55333
"2017-07-13",12.44,12.53,12.41,12.49,18734
"2017-07-14",12.76,12.82,12.71,12.82,41722
"2017-07-17",13.11,13.15,13.1,13.12,39271
"2017-07-18",12.83,12.87,12.74,12.77,27114
"2017-07-19",12.89,12.95,12.84,12.9,19542
"2017-07-20",13.35,13.39,13.31,13.33,64193
"2017-07-21",13.2,13.21,13.14,13.17,19994
"2017-07-24",12.54,12.64,12.48,12.56,53115
"2017-07-25",12.85,12.99,12.85,12.96,32303
"2017-07-26",13.92,13.93,13.84,13.89,137795
"2017-07-27",14.05,14.07,13.99,14.01,64496
"2017-07-28",14.25,14.27,14.18,14.2,45409
"2017-07-31",14.66,14.8,14.66,14.77,51720
"2017-08-01",14.96,15.03,14.94,14.97,41096
"2017-08-02",14.17,14.18,14.06,14.09,43882
"2017-08-03",14.47,14.53,14.47,14.48,23224
"2017-08-04",14.32,14.33,14.18,14.22,16245
"2017-08-07",14.6,14.62,14.45,14.48,16699
"2017-08-08",14.42,14.42,14.34,14.39,6904
"2017-08-09",14.24,14.28,14.21,14.27,12990
"2017-08-10",14.56,14.58,14.52,14.58,25135
"2017-08-11",14.08,14.09,13.76,13.81,57920
"2017-08-14",14.13,14.16,14.07,14.08,20114
"2017-08-15",13.5,13.53,13.48,13.49,52432
"2017-08-16",13.53,13.58,13.48,13.58,9292
"2017-08-17",13.11,13.13,13.08,13.1,50405
"2017-08-18",13.17,13.19,13.14,13.18,16124
"2017-08-21",13.91,13.97,13.9,13.93,50845
"2017-08-22",13.45,13.47,13.38,13.47,41880
"2017-08-23",13.41,13.46,13.38,13.45,18544
"2017-08-24",13.7,13.76,13.7,13.75,36535
"2017-08-25",13.43,13.47,13.41,13.47,44782
"2017-08-28",13.43,13.44,13.39,13.42,27502
"2017-08-29",12.94,12.96,12.9,12.93,95296
"2017-08-30",12.67,12.68,12.65,12.67,68282
"2017-08-31",12.45,12.49,12.43,12.47,71890
"2017-09-01",12.92,13.01,12.92,12.98,62315
"2017-09-04",13.15,13.23,13.15,13.19,41978
"2017-09-05",13.2,13.23,13.16,13.22,26391
"2017-09-06",13.8,13.81,13.76,13.79,110432
"2017-09-07",14.12,14.13,14.04,14.05,78416
"2017-09-08",14.08,14.17,14.07,14.16,49236
"2017-09-11",13.42,13.47,13.4,13.46,79716
"2017-09-12",13.47,13.52,13.46,13.46,24792
"2017-09-13",13.6,13.61,13.55,13.57,22871
"2017-09-14",14.1,14.11,14.07,14.08,77362
"2017-09-15",14.39,14.42,14.33,14.38,74048
"2017-09-18",14.49,14.6,14.48,14.58,32095
"2017-09-19",14.55,14.57,14.44,14.45,29145
"2017-09-20",14.49,14.49,14.4,14.41,13950
"2017-09-21",14.72,14.73,14.68,14.68,27194
"2017-09-22",14.65,14.68,14.63,14.66,13377
"2017-09-25",14.64,14.65,14.58,14.59,15295
"2017-09-26",15.5,15.69,15.48,15.63,71888
"2017-09-27",15.54,15.6,15.51,15.59,15247
"2017-09-28",15.57,15.57,15.45,15.54,9991
"2017-09-29",15.25,15.26,15.17,15.18,19098
"2017-09-30",15.25,15.26,15.18,15.19,3006
"2017-10-02",15.26,15.29,15.16,15.21,4262
"2017-10-03",14.61,14.62,14.57,14.6,21118
"2017-10-05",14.3,14.34,14.26,14.31,22580
"2017-10-06",14.71,14.76,14.71,14.76,19002
"2017-10-11",14.84,14.97,14.84,14.92,18025
"2017-10-12",14.92,14.92,14.86,14.89,8616
"2017-10-13",14.78,14.86,14.75,14.83,8400
"2017-10-16",15.32,15.35,15.29,15.32,20632
"2017-10-17",15.3,15.3,15.24,15.26,11698
"2017-10-18",15.39,15.46,15.39,15.39,13633
"2017-10-19",15.43,15.44,15.31,15.36,8703
"2017-10-20",14.99,15.07,14.96,15.05,12681
"2017-10-23",15.25,15.32,15.23,15.27,7844
"2017-10-24",15.21,15.25,15.17,15.25,5050
"2017-10-25",15.47,15.48,15.45,15.46,11759
"2017-10-26",15.34,15.34,15.29,15.32,6609
"2017-10-27",15.62,15.64,15.57,15.58,16024
"2017-10-30",16.41,16.42,16.33,16.33,33587
"2017-10-31",16.42,16.43,16.36,16.39,13899
"2017-11-01",16.77,16.81,16.76,16.79,13663
