"","Open","High","Low","Close","Volume"
"2008-01-02",62,62,60.2,60.5,38970
"2008-01-03",59.9,60,59.4,59.4,34838
"2008-01-04",59.3,60.4,58.5,60,48400
"2008-01-07",57,58,55.8,55.8,103229
"2008-01-08",55.8,56.6,55.5,56,47333
"2008-01-09",55,57,54.5,57,45113
"2008-01-10",57,57.4,55.3,55.7,61534
"2008-01-11",56.1,56.1,54.7,55,72675
"2008-01-14",56.5,56.8,54.7,54.9,78262
"2008-01-15",55.4,57.9,55.2,57.5,98450
"2008-01-16",55.6,56.2,54.9,55.4,78668
"2008-01-17",55.6,56.4,54.5,54.7,51230
"2008-01-18",54,54.9,53.3,54.6,65496
"2008-01-21",54.6,54.7,53.3,53.3,42792
"2008-01-22",49.6,51.1,49.6,49.6,87258
"2008-01-23",51,51.4,50.4,51,78326
"2008-01-24",54.5,54.5,53.1,53.7,71476
"2008-01-25",55,56,55,55.5,50414
"2008-01-28",55.4,55.4,54,54.2,39643
"2008-01-29",55.9,57,55.6,57,58212
"2008-01-30",57.5,58.3,57,57.8,110696
"2008-01-31",57.5,59.9,57.3,59.9,171328
"2008-02-01",61,62.2,60.4,61.4,134709
"2008-02-12",59.7,60.3,59.7,60,103197
"2008-02-13",61,61,59.9,59.9,52231
"2008-02-14",60.2,62,60.2,62,106487
"2008-02-15",61,61.7,60.9,61.5,30297
"2008-02-18",61.5,61.8,59.7,60,52090
"2008-02-19",60.8,61.5,60,61.5,20133
"2008-02-20",61.4,61.4,59.7,61.1,41015
"2008-02-21",61.5,62.1,61.1,61.9,40472
"2008-02-22",60.9,61,60.1,60.9,37270
"2008-02-25",61,61.5,60.6,61.2,40050
"2008-02-26",61.8,62.5,61.5,62.4,69612
"2008-02-27",62.8,63.6,62.7,63.6,93695
"2008-02-29",62.6,63.5,61.6,61.6,63516
"2008-03-03",60.1,60.7,60,60.7,47078
"2008-03-04",60.1,63,60.1,62.9,75215
"2008-03-05",63.5,63.5,62.5,63.3,70208
"2008-03-06",63.5,64.9,63.5,64.9,64665
"2008-03-07",63.6,64.5,63.3,64,53049
"2008-03-10",62.9,62.9,61,61.2,59861
"2008-03-11",60.6,62.4,60.6,62.4,43343
"2008-03-12",64,64.2,63.1,63.8,46949
"2008-03-13",62.7,63.5,61.5,62,42306
"2008-03-14",62.5,62.6,60.6,61.1,45819
"2008-03-17",60,60.3,59.5,59.9,90229
"2008-03-18",59.9,60.6,59.5,59.9,47526
"2008-03-19",61.5,62.1,60.8,62.1,43275
"2008-03-20",61.7,62.9,61,62.6,54424
"2008-03-21",63.6,64.9,63.6,64.8,102433
"2008-03-24",69.3,69.3,67.3,67.4,130571
"2008-03-25",67.4,67.4,66.4,67.2,88061
"2008-03-26",65.8,67,65.5,67,54420
"2008-03-27",65,65.1,63.6,63.8,54821
"2008-03-28",62.2,63.3,62,62.3,109945
"2008-03-31",61.7,63.1,61.1,63.1,74468
"2008-04-01",62.5,63.5,61.8,61.8,49055
"2008-04-02",63.5,65,63.1,64,63875
"2008-04-03",64,64.9,63.9,64.4,28587
"2008-04-07",64.3,65.1,64.2,65,45908
"2008-04-08",64.6,65,63.6,64.4,42269
"2008-04-09",63,64.5,62.8,63.1,42859
"2008-04-10",63.2,65.3,63.1,64.5,47626
"2008-04-11",64.3,64.6,63.5,64.1,37041
"2008-04-14",63.3,63.6,63,63,36204
"2008-04-15",63,63.8,62.8,63,38174
"2008-04-16",64,65.2,63.7,65.2,46623
"2008-04-17",67.1,67.5,66.6,67.1,101937
"2008-04-18",66.8,66.8,66,66.8,33794
"2008-04-21",66.8,67.5,66.8,67.4,39126
"2008-04-22",67.3,67.3,66.6,67.3,38313
"2008-04-23",66,66,64.6,64.6,71084
"2008-04-24",64.4,64.5,63.5,63.9,63781
"2008-04-25",64,64.9,64,64.7,47933
"2008-04-28",64,66.5,63.5,66.5,75601
"2008-04-29",66.5,67,64.7,64.7,54316
"2008-04-30",65.2,67.2,65.2,66.7,78539
"2008-05-02",68,68.2,67.6,68,91955
"2008-05-05",68,68.1,66.3,67.2,44634
"2008-05-06",67.4,68,66.8,68,33326
"2008-05-07",68.7,69,68.1,68.2,55060
"2008-05-08",68,68,66,67.5,47242
"2008-05-09",67.5,67.7,66.1,66.3,43011
"2008-05-12",66.8,67.8,66.1,67.6,36493
"2008-05-13",68.3,68.9,67.6,68.9,64228
"2008-05-14",69,69.2,68.1,68.6,66677
"2008-05-15",68.8,68.9,67.9,68.6,83929
"2008-05-16",68.6,69.3,68.6,69.2,96717
"2008-05-19",69.2,69.8,69.2,69.4,81981
"2008-05-20",69.2,69.5,67.4,68.2,76013
"2008-05-21",67.8,67.9,67,67.3,42667
"2008-05-22",66.2,66.9,65.9,66.9,44427
"2008-05-23",66,66.6,65.5,65.5,60286
"2008-05-26",64.8,65.8,64.5,65.5,48696
"2008-05-27",66.5,66.5,65.2,65.8,32659
"2008-05-28",66.8,67.5,66.6,67,113604
"2008-05-29",68,68.1,67.1,67.1,102478
"2008-05-30",67.9,68,65.6,65.6,180096
"2008-06-02",66.5,67.6,66.3,67.6,52392
"2008-06-03",67.4,67.6,66.1,66.1,61836
"2008-06-04",66.2,67.3,66.2,67.1,34519
"2008-06-05",67.4,67.8,66.5,67.8,80969
"2008-06-06",68.7,68.9,68.4,68.4,88945
"2008-06-09",67,67,65.1,65.3,106078
"2008-06-10",65,65.2,63.9,63.9,89621
"2008-06-11",64.5,65.9,64.2,65.9,46577
"2008-06-12",64.5,65.4,64,64.8,74063
"2008-06-13",65.2,65.4,64.8,64.8,51762
"2008-06-16",65.8,66,65.3,65.9,36891
"2008-06-17",65,65.4,64.8,65.2,65787
"2008-06-18",64.9,65.9,64.6,65.5,34616
"2008-06-19",64.3,65,63.5,64.3,65982
"2008-06-20",64.5,64.9,63.2,63.7,67414
"2008-06-23",63.2,64.6,62.6,64.1,49181
"2008-06-24",65,65.1,64.2,64.2,60996
"2008-06-25",64.5,66.5,64.3,66.2,92105
"2008-06-26",66.7,66.7,64.6,65,55036
"2008-06-27",63.1,65,62.7,64,175633
"2008-06-30",63.9,65.1,63.5,65,88145
"2008-07-01",64,65.1,64,64.2,31903
"2008-07-02",64,64.2,61.8,61.8,79943
"2008-07-03",59.5,60.4,57.5,58.8,116787
"2008-07-04",59.3,59.9,58.4,59,56047
"2008-07-07",59.7,60.5,58.8,60.1,40723
"2008-07-08",59.9,59.9,58.3,58.9,70739
"2008-07-09",59.5,60.7,59.1,59.5,55499
"2008-07-10",58.9,60.3,58.7,59.5,43346
"2008-07-11",60.5,63,59.8,62.4,62911
"2008-07-14",61.1,61.9,60.1,60.6,40632
"2008-07-15",59.3,59.5,57.6,57.6,63640
"2008-07-16",54.6,54.6,53.2,53.8,86595
"2008-07-17",55.9,57.5,55.9,57.5,68546
"2008-07-18",59,59.4,57,58,68762
"2008-07-21",59.4,60.4,59.4,59.8,55506
"2008-07-22",59.3,59.3,57.2,57.9,65094
"2008-07-23",58.5,58.5,57.1,57.6,74949
"2008-07-24",58.2,58.9,58.1,58.9,40280
"2008-07-25",58.2,58.2,57.2,57.8,35148
"2008-07-29",56,56,54.3,55,73723
"2008-07-30",56.8,57,56,57,51289
"2008-07-31",57,57.1,55.7,56.2,50775
"2008-08-01",55,56.6,55,56,37132
"2008-08-04",55.6,56,55.1,55.7,23272
"2008-08-05",56.2,56.2,55,55.4,60099
"2008-08-06",57.4,59,57.2,58.8,82098
"2008-08-07",59.1,59.8,58.6,59.5,46110
"2008-08-08",59.5,60.6,59.5,60.5,78694
"2008-08-11",61.5,61.8,60.5,60.6,48792
"2008-08-12",61.2,61.7,60.9,61.2,63077
"2008-08-13",61.8,62.2,61.1,61.2,56037
"2008-08-14",61,61.1,60,60.5,423945
"2008-08-15",60.9,61.4,60,60.6,50429
"2008-08-18",60.8,61.1,60,60.1,50720
"2008-08-19",59.2,60.4,58.9,60,50724
"2008-08-20",59.2,60.7,59.2,60,39486
"2008-08-21",59.3,59.6,59.1,59.4,46397
"2008-08-22",59.9,60.4,59.4,60.2,52249
"2008-08-25",60,61,59.4,60.5,52467
"2008-08-26",60,60.2,59.4,60,53304
"2008-08-27",59.9,61.1,59.5,60.4,65758
"2008-08-28",59.9,60.5,59.7,60.1,80166
"2008-08-29",59.9,60,58.9,58.9,78359
"2008-09-01",57.6,57.6,56,56.6,118979
"2008-09-02",56,56,54.1,54.3,116605
"2008-09-03",54.5,55.5,54.2,55,79092
"2008-09-04",53.2,54.7,53,53.4,71986
"2008-09-05",52.2,53.5,51.8,53,81848
"2008-09-08",55.5,56.7,55.4,56.7,64455
"2008-09-09",55,55.7,54.2,54.3,50434
"2008-09-10",53.6,54.5,53.2,53.7,65933
"2008-09-11",53.6,53.6,51.7,52.3,72552
"2008-09-12",52.8,53.1,52.1,52.7,37081
"2008-09-15",52.8,53.1,51,51.7,41170
"2008-09-16",50.7,52.3,50.7,51,60627
"2008-09-17",54,54.5,52.8,52.9,108360
"2008-09-18",51.5,53.6,51.5,52,153150
"2008-09-19",54.6,55.6,54,55.6,132119
"2008-09-22",57.1,57.1,55.6,55.8,64588
"2008-09-23",54.7,55.9,54.7,55,56418
"2008-09-24",54,54.2,53.3,53.3,41015
"2008-09-25",52.8,54.3,52.8,53,40506
"2008-09-26",53.1,53.4,52,53.4,73642
"2008-09-30",50,52.5,49.8,52.5,78742
"2008-10-01",54,54,52.5,52.5,46482
"2008-10-02",53.1,53.1,51,51.4,51584
"2008-10-03",50.4,51.8,50.2,51.4,57135
"2008-10-06",50.2,50.5,49,49,59504
"2008-10-07",48,50.5,47.95,49.7,49124
"2008-10-08",48.5,49.05,46.25,46.25,88077
"2008-10-09",46.25,48.5,46.1,46.1,65030
"2008-10-13",46.15,47.1,45.2,46.65,96441
"2008-10-14",49.9,49.9,49.25,49.9,92253
"2008-10-15",48.5,49,48.2,48.2,68406
"2008-10-16",46.55,46.55,46.55,46.55,24634
"2008-10-17",44.95,45.45,44.95,44.95,55135
"2008-10-20",43.4,44.5,43.4,44.2,74263
"2008-10-21",44.8,45,42.75,44.1,73059
"2008-10-22",42.7,43.7,42.6,42.6,48389
"2008-10-23",41.15,41.15,41.15,41.15,29118
"2008-10-24",39.75,40.05,39.75,39.75,59949
"2008-10-27",37,38.95,37,38.3,65208
"2008-10-28",37.15,40.6,36.5,39.7,84075
"2008-10-29",42.45,42.45,41.7,42,107275
"2008-10-30",43.25,44.9,43.25,44.9,73018
"2008-10-31",45.7,48,45.1,48,107753
"2008-11-03",49.5,49.5,46,47,80849
"2008-11-04",47.5,48.5,46.7,48,58437
"2008-11-05",49.2,49.4,47.25,48,74630
"2008-11-06",44.65,44.7,44.65,44.65,47506
"2008-11-07",41.55,44.65,41.55,43.5,125918
"2008-11-10",43.3,43.4,41.9,43.2,63403
"2008-11-11",42.7,44,42,43.1,38829
"2008-11-12",43.1,44.15,42.65,43.4,58258
"2008-11-13",41,41.65,40.5,40.5,58146
"2008-11-14",42,42,41.1,41.7,49143
"2008-11-17",40,41.5,40,40.8,43433
"2008-11-18",39.6,39.8,38.3,38.5,70085
"2008-11-19",38.1,39.4,38,38,50873
"2008-11-20",36.5,37.4,36.5,36.8,46181
"2008-11-21",36.4,39.3,36.4,38.5,57417
"2008-11-24",38.5,38.5,37.15,37.3,51563
"2008-11-25",39.1,39.9,38.5,39.9,83669
"2008-11-26",39.9,40.3,39,39,57744
"2008-11-27",40.9,41.25,40.55,40.9,63245
"2008-11-28",40.9,41.15,40.4,40.8,50939
"2008-12-01",39.8,41.9,39.8,40.8,66276
"2008-12-02",37.95,38.4,37.95,37.95,83672
"2008-12-03",36.85,37.55,36.5,37.15,73778
"2008-12-04",37.9,37.9,36.8,37.05,59908
"2008-12-05",37.3,37.85,37,37.2,41398
"2008-12-08",37.85,39.8,37.85,39.8,101119
"2008-12-09",40.75,40.8,39.8,40.8,79461
"2008-12-10",41,43.65,41,43.65,115663
"2008-12-11",44,44.9,43.5,44.9,87626
"2008-12-12",42.85,43.8,41.8,41.8,69509
"2008-12-15",43.5,44.5,43.45,43.45,68515
"2008-12-16",43,44.5,42.4,44.5,58116
"2008-12-17",46,46.1,45.2,46,88440
"2008-12-18",45.75,46,44.5,45,50231
"2008-12-19",44,45.35,44,44.95,39874
"2008-12-22",45,45.45,44,44.6,51444
"2008-12-23",43.5,44.45,42.8,43.85,39967
"2008-12-24",43.85,43.85,43,43.4,30751
"2008-12-25",43.4,43.4,42.8,43.1,6111
"2008-12-26",43.1,43.5,42.8,43.4,7439
"2008-12-29",43.6,43.6,42.6,43.35,18838
"2008-12-30",43.85,45.5,43.5,45.2,30369
"2008-12-31",45.5,45.5,43.9,44.4,21424
"2009-01-05",46,47.1,45.8,46.25,41027
"2009-01-06",46.05,46.25,45,45.6,35157
"2009-01-07",45.95,46.45,44.2,44.55,71507
"2009-01-08",43.5,43.5,41.5,41.55,89413
"2009-01-09",40.8,42.4,40.5,41,68264
"2009-01-10",41,41.45,40.5,41,20805
"2009-01-12",40.5,41.9,40.5,41.65,49297
"2009-01-13",42.8,43.95,41.7,43.8,71874
"2009-01-14",43.5,44,43,43,45983
"2009-01-15",41.1,41.3,40.55,41,73203
"2009-01-16",42,42,41.15,41.7,32729
"2009-01-17",41.7,41.8,41.25,41.45,7747
"2009-01-19",41,41.4,40.9,41,36418
"2009-01-20",40,40,39.6,39.6,81300
"2009-01-21",39,40.4,38.7,40.2,65396
"2009-02-02",41.2,42.35,40.55,41.8,112981
"2009-02-03",43.05,43.05,42.3,42.85,91379
"2009-02-04",43,43.05,42.75,42.9,87876
"2009-02-05",42.9,43.3,42.4,42.4,70831
"2009-02-06",44,45,43.9,44.7,99942
"2009-02-09",46.4,46.6,45.4,45.5,104133
"2009-02-10",46,46,44.8,44.85,46312
"2009-02-11",44,46.1,44,46.05,80431
"2009-02-12",46.2,46.45,44.9,45.35,69802
"2009-02-13",45.8,46.25,45.8,45.95,50844
"2009-02-16",46.95,46.95,45.75,45.85,51331
"2009-02-17",45.1,45.4,43.05,43.8,69151
"2009-02-18",44,45.3,43.6,44.6,58724
"2009-02-19",45.2,46.2,44,45.4,66457
"2009-02-20",44.15,44.8,43.85,43.9,81825
"2009-02-23",43.8,45.2,43.5,45,66312
"2009-02-24",43.95,44.4,43.5,44,60256
"2009-02-25",45,45.3,44.3,44.7,53877
"2009-02-26",45,45.25,44.6,45,52871
"2009-02-27",45.3,45.45,44.8,44.95,59369
"2009-03-02",46,46,44.15,44.75,101891
"2009-03-03",44.8,44.85,44.25,44.6,58135
"2009-03-04",45.35,46,44.8,46,85726
"2009-03-05",46.85,47.4,46,46.6,77997
"2009-03-06",47,48.75,46.85,48.5,103953
"2009-03-09",48,48.6,47,48.25,69598
"2009-03-10",46.5,47.45,46.5,47.15,78142
"2009-03-11",48.6,49,48,48.7,84134
"2009-03-12",48.6,48.7,47.95,48.25,51626
"2009-03-13",49,50,48.8,49.5,114489
"2009-03-16",50,50.1,49.85,50,74164
"2009-03-17",50,50.2,49.65,50,59583
"2009-03-18",50.2,50.5,49.75,50.4,80525
"2009-03-19",50.5,50.6,49.1,49.2,51242
"2009-03-20",49.7,49.7,47.7,47.7,62307
"2009-03-23",48.4,50.4,48.4,50.3,59642
"2009-03-24",51.5,52.4,51.3,52.4,62137
"2009-03-25",52,53,51.6,52.2,75298
"2009-03-26",51.6,52.8,51.1,51.7,61262
"2009-03-27",52.6,52.6,51.6,51.9,53590
"2009-03-30",51.8,52,50.8,52,46028
"2009-03-31",51.6,52.8,51.4,51.4,69328
"2009-04-01",51.9,52,50.7,50.7,52016
"2009-04-02",52.3,52.5,51.5,52.4,84651
"2009-04-03",53.5,53.8,52.1,52.6,86966
"2009-04-06",53.5,53.5,51.6,52.4,85447
"2009-04-07",51,52.1,51,52.1,75601
"2009-04-08",51.5,51.5,49.6,50.2,114714
"2009-04-09",51,52.4,51,52.4,85978
"2009-04-10",53,53,52,53,43178
"2009-04-13",53.5,53.5,52.2,52.7,57300
"2009-04-14",52.1,52.6,51.3,52.5,72053
"2009-04-15",52.5,52.5,50.8,52,89359
"2009-04-16",52.2,52.4,51.1,51.3,93547
"2009-04-17",51.9,52.4,50,50.4,152927
"2009-04-20",51.4,51.9,50.7,51.9,78105
"2009-04-21",50.5,51.6,50.5,51.6,64237
"2009-04-22",51.6,51.6,50.5,50.7,67165
"2009-04-23",50.9,51.4,50.1,51.3,80614
"2009-04-24",51.6,51.8,50.3,50.5,82332
"2009-04-27",50.6,51,50.2,50.5,63095
"2009-04-28",50.9,51.5,50.6,51,55904
"2009-04-29",51.6,51.8,51.3,51.6,58353
"2009-04-30",55.2,55.2,54.4,55.2,157461
"2009-05-04",58.9,59,57.8,59,177162
"2009-05-05",60.5,60.9,57.5,58,131065
"2009-05-06",58,58,56.6,57.5,176100
"2009-05-07",57.5,57.5,56.1,56.5,141315
"2009-05-08",55.6,56.3,55.4,56.3,97085
"2009-05-11",56.5,57,55.6,56.2,77283
"2009-05-12",56,56,55,55.4,83430
"2009-05-13",55.3,56.8,55.3,56.4,93934
"2009-05-14",55,55.4,54.4,54.5,82102
"2009-05-15",55.8,55.8,54.8,54.8,64116
"2009-05-18",55.5,56,54.2,56,63131
"2009-05-19",57,57,56.4,57,91300
"2009-05-20",56.8,56.8,55.7,56.2,64541
"2009-05-21",56.2,56.8,55.8,56.6,64072
"2009-05-22",56.6,56.7,55.9,56.2,57355
"2009-05-25",56.9,56.9,55.1,55.7,50675
"2009-05-26",55.9,56.8,55.6,56.6,64760
"2009-05-27",57,60.4,56.7,60.4,185665
"2009-06-01",60.5,60.6,58.5,59,106441
"2009-06-02",60,60,59,59.9,86480
"2009-06-03",59.2,59.8,58.8,59.8,80050
"2009-06-04",58.5,59,57,57.9,86580
"2009-06-05",57.9,57.9,57,57.4,43823
"2009-06-06",57.4,57.8,57.2,57.7,7190
"2009-06-08",58.1,58.1,56.5,56.6,64153
"2009-06-09",56.7,57.8,56,56.1,90544
"2009-06-10",57.5,58.2,57.3,58.2,65752
"2009-06-11",58,58.3,56.5,58.3,60245
"2009-06-12",57.8,57.8,56,56,90897
"2009-06-15",54.6,55,52.6,53.3,101763
"2009-06-16",53.2,54.3,52.5,53.6,78122
"2009-06-17",52.9,52.9,51.8,52,83450
"2009-06-18",53.3,53.3,52,52.7,67750
"2009-06-19",52.2,52.5,51.7,52.3,67571
"2009-06-22",51,53.1,51,53,50677
"2009-06-23",51.8,51.8,51.3,51.3,59338
"2009-06-24",51.6,54.8,51.5,52.9,123273
"2009-06-25",53.5,53.9,53.1,53.7,59575
"2009-06-26",53.8,54.5,53.5,54.4,69148
"2009-06-29",54.5,54.5,53.1,53.4,64173
"2009-06-30",54.6,54.7,53.8,54.7,45109
"2009-07-01",54.3,55.5,53.6,55,46729
"2009-07-02",54.9,55.3,54.5,55.1,34321
"2009-07-03",54.1,55,54.1,55,27649
"2009-07-06",55.1,55.3,54.2,54.4,33137
"2009-07-07",54.4,55.6,54.3,55.4,39797
"2009-07-08",54.7,54.7,54.1,54.4,59142
"2009-07-09",54.4,56.1,54.3,55.3,66492
"2009-07-10",56,56.2,55.4,56.1,57428
"2009-07-13",57.2,57.3,54.4,55,69032
"2009-07-14",55.5,56.2,55.3,55.8,89993
"2009-07-15",53.4,55,53.1,53.6,73754
"2009-07-16",55,55.2,54,54.1,49715
"2009-07-17",54.9,55,53.9,54,62505
"2009-07-20",54.9,55.2,54.5,54.8,69721
"2009-07-21",55,55.5,54.6,55.5,76400
"2009-07-22",55.2,55.6,54.7,55.3,57320
"2009-07-23",55.5,56.7,55.4,56.5,73073
"2009-07-24",57,57.3,56.8,57.2,89057
"2009-07-27",57.2,57.9,56.9,57.6,54337
"2009-07-28",57.6,57.9,57.1,57.9,48217
"2009-07-29",58,58,55.9,56.5,57068
"2009-07-30",56.1,56.4,55.2,56,62410
"2009-07-31",58.3,59.2,58.1,58.9,198297
"2009-08-03",58.6,58.6,57.1,58.3,70118
"2009-08-04",58.6,58.8,56.7,57.6,62209
"2009-08-05",57.9,58,56.6,56.9,53465
"2009-08-06",57.5,57.5,56.5,56.8,54642
"2009-08-10",57.3,58.3,57,57.8,69792
"2009-08-11",57.3,57.6,56.5,57.1,64577
"2009-08-12",57.1,57.5,56.5,57.5,43087
"2009-08-13",58,58.6,57.5,58.6,80233
"2009-08-14",59.2,59.4,58.5,58.9,53722
"2009-08-17",59,59.2,57.4,57.8,50931
"2009-08-18",57.1,57.8,56.6,57.6,32158
"2009-08-19",57.5,57.9,57.3,57.4,21348
"2009-08-20",57.4,57.8,56.5,57.7,26448
"2009-08-21",58,58.1,56.5,56.8,42152
"2009-08-24",57.8,59,57.6,58.4,59461
"2009-08-25",58.6,59,58.3,58.7,35370
"2009-08-26",58.7,59,58,59,50632
"2009-08-27",58.5,58.9,57.9,58.8,30495
"2009-08-28",59,59.5,58.3,59.5,52477
"2009-08-31",59.6,59.8,58.5,59.2,45092
"2009-09-01",59.4,61,58.7,61,85451
"2009-09-02",60.4,60.8,59.6,59.6,61443
"2009-09-03",60.2,60.2,59.3,59.8,43804
"2009-09-04",60.2,60.2,59.5,60,44584
"2009-09-07",60.1,62,59.7,62,75090
"2009-09-08",62,63.1,61.4,62.7,72707
"2009-09-09",62.8,63,62,62,53773
"2009-09-10",64.7,65,62,63.5,98902
"2009-09-11",62.8,62.8,61.9,62.4,48333
"2009-09-14",62.4,62.5,60.8,61.5,46855
"2009-09-15",61,62.7,61,62.5,38236
"2009-09-16",62.6,63.4,62.5,62.7,35249
"2009-09-17",63,63,62,62.5,38706
"2009-09-18",62,62.7,61.8,62.7,46733
"2009-09-21",62.5,62.6,61.5,62.3,33550
"2009-09-22",62,62.8,62,62.5,24796
"2009-09-23",62.7,62.9,61.4,62.3,38653
"2009-09-24",62,62,60.5,60.8,55228
"2009-09-25",61,61.3,60.4,61.1,45172
"2009-09-28",61.4,61.4,60.5,60.7,27538
"2009-09-29",62,63.7,62,63.7,82738
"2009-09-30",63.7,65,63.7,64.5,103320
"2009-10-01",65,65.2,63.8,65,55066
"2009-10-02",63,63.3,62.5,62.7,78935
"2009-10-05",62,62.2,61.5,62,72185
"2009-10-06",62,63,61.6,62.4,82006
"2009-10-07",63,63,61.7,62.1,71233
"2009-10-08",61.2,61.8,60.9,60.9,82434
"2009-10-09",60.8,61.3,60.7,61.1,68771
"2009-10-12",61.8,61.8,60.6,61.2,36581
"2009-10-13",60.6,61.8,60.3,61.8,51789
"2009-10-14",62.5,63.5,62.3,63.5,86653
"2009-10-15",64,64,63,63.8,62653
"2009-10-16",62.5,63,61.8,61.9,75151
"2009-10-19",61.7,61.9,61,61.4,103282
"2009-10-20",61.8,62.3,61.8,62,75184
"2009-10-21",61.7,62.2,61.3,61.6,50263
"2009-10-22",62.2,62.2,61,61.8,72905
"2009-10-23",62,62.1,61.5,61.5,45836
"2009-10-26",61.8,62.3,61.5,61.5,36845
"2009-10-27",61.5,61.9,61.1,61.3,50932
"2009-10-28",61.3,61.5,60.5,60.5,62802
"2009-10-29",60,60.6,59,60.3,104392
"2009-10-30",61.4,61.4,60,60,66231
"2009-11-02",59.5,60.2,59.2,59.8,38878
"2009-11-03",59.7,59.7,59.1,59.2,52810
"2009-11-04",59.2,59.7,59,59.6,66043
"2009-11-05",59.9,60,59.4,59.7,43808
"2009-11-06",60.3,60.3,59.7,60,47852
"2009-11-09",60.5,60.5,59.8,60,34919
"2009-11-10",60.4,60.5,60,60.5,43071
"2009-11-11",61,62.5,60.9,62.2,95052
"2009-11-12",62.5,62.8,61.9,62.2,103458
"2009-11-13",61.8,62.2,61.5,61.8,43224
"2009-11-16",62.4,62.7,62.2,62.4,61268
"2009-11-17",63,63.2,62.1,62.6,57974
"2009-11-18",63,63.2,62.7,62.9,69904
"2009-11-19",62.9,63.2,62.7,62.9,57556
"2009-11-20",62.8,62.8,61.4,61.7,51975
"2009-11-23",61.4,62.1,61.4,62,25462
"2009-11-24",62.2,62.5,61.8,62.4,26329
"2009-11-25",62.2,63,62.2,62.7,53135
"2009-11-26",62.8,63,61.8,62,32538
"2009-11-27",61.1,61.3,60,60,95638
"2009-11-30",61,61.3,60.7,61.1,33035
"2009-12-01",61.5,61.6,60.4,60.7,56486
"2009-12-02",61.4,61.5,60.5,60.8,43563
"2009-12-03",61.6,61.8,61,61.5,55226
"2009-12-04",61.5,61.9,61.3,61.5,27534
"2009-12-07",62,62.8,62,62.5,46816
"2009-12-08",62.9,62.9,61.9,62.4,39771
"2009-12-09",62.2,62.4,61.9,62.4,38672
"2009-12-10",62.8,62.8,61,61.3,64164
"2009-12-11",61.9,62.6,61.4,62.6,41258
"2009-12-14",62.1,62.8,62,62.7,39767
"2009-12-15",62.5,62.7,62.2,62.7,31300
"2009-12-16",62.5,62.5,61.5,61.8,49635
"2009-12-17",62.1,62.4,61.5,62.2,44782
"2009-12-18",61.5,61.9,61.3,61.9,35393
"2009-12-21",62.4,62.8,62.2,62.2,52682
"2009-12-22",62.6,62.9,62.5,62.9,44147
"2009-12-23",63,63.5,62.8,63.4,66694
"2009-12-24",63.4,63.7,63.3,63.6,57965
"2009-12-25",63.9,63.9,63.1,63.4,20300
"2009-12-28",63.4,64,63.4,63.7,41748
"2009-12-29",63.7,63.7,62.9,63.3,28612
"2009-12-30",63.3,64,63.3,63.9,59793
"2009-12-31",64.4,64.5,63.9,64.5,52178
"2010-01-04",65,65,64,64.9,39511
"2010-01-05",65,65.1,63.9,64.5,38394
"2010-01-06",64.5,64.9,63.7,64.9,52734
"2010-01-07",64.9,65,64.2,64.2,53294
"2010-01-08",63.5,64.3,63.5,64,48047
"2010-01-11",64,64.9,63.5,64.5,37446
"2010-01-12",64.4,64.4,63.3,63.6,52444
"2010-01-13",63,63.1,62.6,62.8,49806
"2010-01-14",63.6,63.6,63,63.2,39254
"2010-01-15",62.9,63.5,62.8,63.5,50011
"2010-01-18",62.8,63.1,62.8,62.9,30586
"2010-01-19",63,63.2,62,62.5,47541
"2010-01-20",62.9,63.2,62.2,63,52519
"2010-01-21",63,63,62.1,62.6,24842
"2010-01-22",61.5,61.7,61,61.1,64001
"2010-01-25",60.1,60.8,60.1,60.4,62230
"2010-01-26",60.6,61.2,60,60.1,80078
"2010-01-27",60.1,60.4,59.5,59.6,53876
"2010-01-28",60.5,61.5,59.8,60,44033
"2010-01-29",60.1,61.5,59.4,61.5,98124
"2010-02-01",60.7,60.7,59.5,59.8,82234
"2010-02-02",60.2,60.4,59,59,72141
"2010-02-03",60.2,60.3,58.8,59.8,42627
"2010-02-04",60,60,59,59.1,46032
"2010-02-05",57.6,57.9,57.2,57.2,66295
"2010-02-06",57.6,58.1,57.3,58,16391
"2010-02-08",58,58.2,57,57.4,45835
"2010-02-09",58.4,59.2,57.7,58.6,49551
"2010-02-10",59,59.2,58.2,58.4,53809
"2010-02-22",60.5,60.5,59,59,49684
"2010-02-23",59.6,59.9,59.1,59.8,52030
"2010-02-24",59.2,59.2,58.4,58.5,60489
"2010-02-25",58.5,58.9,57.9,58.2,57502
"2010-02-26",58.2,58.9,58,58.8,31376
"2010-03-01",59.5,59.9,58.2,59.6,65860
"2010-03-02",60.5,60.5,59.5,59.9,54451
"2010-03-03",59.6,60.1,59.6,60,34984
"2010-03-04",59.8,59.8,58.4,59.2,54471
"2010-03-05",59.8,60.4,59.6,60.4,60054
"2010-03-08",60.9,61.2,60.6,61.2,44396
"2010-03-09",61.2,61.4,60.8,61.3,31475
"2010-03-10",61.3,61.4,60.8,61.4,30588
"2010-03-11",61.6,61.8,61.2,61.4,30381
"2010-03-12",61.4,61.5,60.6,60.8,69392
"2010-03-15",61.3,61.3,59.8,59.8,41567
"2010-03-16",60.1,60.2,59.7,59.7,29927
"2010-03-17",60.5,60.9,59.9,60.5,69118
"2010-03-18",60.1,60.6,60,60.4,70256
"2010-03-19",60,60.3,59.7,60,46018
"2010-03-22",59.6,59.6,58.8,59,47084
"2010-03-23",59.5,60.1,59.5,59.6,51751
"2010-03-24",60.1,60.8,60.1,60.6,48661
"2010-03-25",60.9,61.5,60.2,61.5,64155
"2010-03-26",61.3,62,60.3,62,81172
"2010-03-29",62,62.3,61.7,62.2,37559
"2010-03-30",62.4,62.4,61.7,62.2,30055
"2010-03-31",62.2,62.2,61.5,61.5,39288
"2010-04-01",61.5,62.5,61.5,62.1,54739
"2010-04-02",62.5,62.5,62.1,62.4,17373
"2010-04-06",62.8,63.5,62.8,63.4,53216
"2010-04-07",63.5,63.5,63.1,63.5,49685
"2010-04-08",62.8,63,62.1,62.3,48608
"2010-04-09",61.9,63,61.9,62.7,31648
"2010-04-12",63.3,63.4,62.8,63.1,36942
"2010-04-13",63,63.1,62.1,62.9,42767
"2010-04-14",63.1,63.8,62.9,63.8,55676
"2010-04-15",64.5,64.9,64,64.4,72063
"2010-04-16",63.6,63.7,62.9,63,49739
"2010-04-19",62.5,63.2,62.4,62.6,71160
"2010-04-20",62.9,63,62.4,62.8,37544
"2010-04-21",62.9,63.1,62.3,62.4,46602
"2010-04-22",61.8,61.8,60.8,61.6,92244
"2010-04-23",61.9,62.4,61.6,61.7,48952
"2010-04-26",62.4,63.6,62.4,63.5,67547
"2010-04-27",63.5,63.7,63.1,63.7,25421
"2010-04-28",62.1,62.6,62,62.1,73211
"2010-04-29",62.2,62.2,61.6,61.6,41236
"2010-04-30",61.8,62.7,61.8,61.8,43450
"2010-05-03",62.6,62.6,61.4,61.6,22439
"2010-05-04",61.9,62,60.8,61,38777
"2010-05-05",59.9,60.2,59.8,59.8,94194
"2010-05-06",59.8,59.9,59.2,59.5,52111
"2010-05-07",58.6,60.1,58.5,59.4,61576
"2010-05-10",59.4,60,59,59.8,56310
"2010-05-11",60.4,60.6,59.9,60.1,69348
"2010-05-12",61,61,60,60.1,27731
"2010-05-13",60.6,61.5,60.5,61.2,39908
"2010-05-14",60.7,61.5,60.5,61.2,35601
"2010-05-17",60.5,60.5,59.1,59.2,73215
"2010-05-18",59.6,60,59.4,59.5,30477
"2010-05-19",59,59.6,58.6,59.3,51605
"2010-05-20",59.5,59.7,58.9,58.9,31740
"2010-05-21",58.3,59.1,57.9,58.8,46257
"2010-05-24",59.6,59.6,58.7,59,19317
"2010-05-25",58.8,58.9,58.1,58.4,51282
"2010-05-26",58.9,59,58.5,58.9,42971
"2010-05-27",58.5,59.3,57.7,58.7,55503
"2010-05-28",58.9,59.4,58.3,58.7,61148
"2010-05-31",59.1,60.2,58.8,60.2,25401
"2010-06-01",59.9,60,59.2,59.8,28375
"2010-06-02",59.8,60.4,59.3,59.8,35323
"2010-06-03",60.8,61,60.5,60.8,49528
"2010-06-04",60.5,61,60.2,61,42722
"2010-06-07",59.7,59.7,58.7,59.2,70649
"2010-06-08",58.9,59.2,58.4,58.5,40431
"2010-06-09",58.4,59,58.3,58.6,46104
"2010-06-10",59.8,59.8,58.8,59.4,28817
"2010-06-11",60.2,60.5,60,60.5,42325
"2010-06-14",60.9,61.4,60.9,61.1,44942
"2010-06-15",61.3,61.9,60.7,61.4,37547
"2010-06-17",62,62.3,61.7,62.1,62015
"2010-06-18",62.4,62.7,61.8,62.7,46332
"2010-06-21",63.1,63.7,63.1,63.3,68409
"2010-06-22",63.3,63.3,62.6,62.6,33389
"2010-06-23",62,62.5,62,62.1,37195
"2010-06-24",62.1,62.2,61.7,62,35361
"2010-06-25",61.5,61.9,61.3,61.4,30579
"2010-06-28",61.2,61.7,61.1,61.7,20546
"2010-06-29",62,62.6,61,61,47953
"2010-06-30",60.3,61,60.3,60.6,58319
"2010-07-01",60.6,60.6,59.9,60,65215
"2010-07-02",60,60.7,60,60.3,67300
"2010-07-05",60.3,61.8,60.3,61.4,88484
"2010-07-06",58.9,59.9,58.8,59.9,69857
"2010-07-07",59.8,59.9,59.2,59.5,59168
"2010-07-08",60.1,60.4,59.7,60.4,50379
"2010-07-09",60.4,60.5,59.9,60.4,38073
"2010-07-12",60.6,60.6,59.8,59.8,44197
"2010-07-13",59.9,60.2,59.5,59.6,37486
"2010-07-14",60.4,60.7,60.2,60.4,59847
"2010-07-15",60.4,60.5,60.1,60.3,36838
"2010-07-16",60.5,60.5,59.8,59.9,29941
"2010-07-19",59.5,61.3,59.4,61.1,63786
"2010-07-20",61.3,61.8,61,61.5,53963
"2010-07-21",61.9,61.9,61.5,61.8,41276
"2010-07-22",61.9,62.3,61.3,62,45329
"2010-07-23",62.6,63,62.4,62.8,66046
"2010-07-26",63,63.1,62.3,62.6,27031
"2010-07-27",63,63,62.3,62.5,21055
"2010-07-28",62.3,63,62.2,63,27030
"2010-07-29",63,63,62.6,63,38609
"2010-07-30",62.4,62.4,61.4,62.4,43621
"2010-08-02",62.6,62.8,62.1,62.3,48140
"2010-08-03",62.6,62.6,61.7,62,32996
"2010-08-04",62,62.2,61.6,62,28406
"2010-08-05",62,62,61.8,61.9,22212
"2010-08-06",61.6,61.7,60.6,60.9,62494
"2010-08-09",60.5,60.9,60.4,60.7,57034
"2010-08-10",60.9,61.4,60.8,61,63934
"2010-08-11",60.8,61.2,60.7,61,28646
"2010-08-12",60.2,60.6,60.1,60.2,66230
"2010-08-13",60.2,60.6,59.9,60.1,65690
"2010-08-16",60,60.3,59.6,60.3,39763
"2010-08-17",60.5,60.5,59.8,59.8,37585
"2010-08-18",60,60.3,59.5,59.6,42902
"2010-08-19",59.5,60.4,59.5,60.1,45817
"2010-08-20",59.8,60.2,59.7,59.9,30113
"2010-08-23",59.9,60.9,59.6,60.1,27931
"2010-08-24",60,60.1,59.6,59.6,31275
"2010-08-25",59.4,59.4,58.6,58.7,70618
"2010-08-26",58.6,59.1,58.5,58.8,35255
"2010-08-27",58.7,58.9,58.5,58.8,46789
"2010-08-30",59.2,59.6,58.9,59.4,27638
"2010-08-31",59,59,58.4,58.9,78362
"2010-09-01",59.3,59.3,58.7,59.1,38480
"2010-09-02",60,60.1,59.4,59.5,27402
"2010-09-03",59.3,59.9,59.3,59.8,38339
"2010-09-06",60.4,60.5,60.1,60.5,28120
"2010-09-07",60.5,60.6,60.1,60.2,20268
"2010-09-08",59.6,59.9,58.9,59.3,67149
"2010-09-09",59.7,59.7,59.2,59.5,21237
"2010-09-10",59.5,59.7,59.1,59.3,32650
"2010-09-13",59.6,60.9,59.4,60.9,86955
"2010-09-14",61.2,61.2,60.7,61,33545
"2010-09-15",61.2,61.2,60.5,61.2,42375
"2010-09-16",60.8,61,60.5,60.5,27918
"2010-09-17",61,61.4,60.6,61.2,49430
"2010-09-20",61.5,62,61.3,62,66009
"2010-09-21",62.3,62.3,61.6,61.8,32745
"2010-09-23",60.9,60.9,59.9,60,106308
"2010-09-24",59.7,60.2,59.6,60.1,60417
"2010-09-27",60.8,60.8,60.4,60.7,60795
"2010-09-28",60.7,61.2,60.6,61,48385
"2010-09-29",61.5,61.9,61,61.5,79797
"2010-09-30",61.7,62,61.6,62,59691
"2010-10-01",62.2,62.3,61.7,62,39000
"2010-10-04",62,62.1,61.6,61.9,25797
"2010-10-05",61.7,61.7,60.9,61.1,30388
"2010-10-06",61.9,62,61.5,61.8,34183
"2010-10-07",61.4,61.7,61,61.3,39333
"2010-10-08",61,61.8,61,61.8,58237
"2010-10-11",62,62,61.1,61.5,24646
"2010-10-12",61.5,61.5,60.4,61,28094
"2010-10-13",61.3,61.3,60.4,61,31040
"2010-10-14",61.4,62,61.3,61.8,48827
"2010-10-15",61.3,61.9,61.2,61.9,30492
"2010-10-18",61.4,61.8,60.4,60.5,32530
"2010-10-19",60.6,60.7,60.1,60.7,36089
"2010-10-20",60.5,61.1,60.4,61,34490
"2010-10-21",61.3,61.4,60.8,61,40237
"2010-10-22",61.7,61.8,61.4,61.8,42971
"2010-10-25",62,62.2,61.8,62,38700
"2010-10-26",62.2,62.3,62,62.3,37964
"2010-10-27",62.3,62.4,61.9,62,28106
"2010-10-28",62.4,63,62.1,62.7,62152
"2010-10-29",63,63.1,62.5,62.8,67950
"2010-11-01",63.4,63.5,63,63.5,76412
"2010-11-02",63,63.4,63,63.3,24422
"2010-11-03",63.5,64,63.3,63.9,45944
"2010-11-04",63.9,64.1,63.6,63.9,32789
"2010-11-05",64.5,64.6,63.8,64.2,44439
"2010-11-08",64.2,64.2,63.1,63.3,25993
"2010-11-09",63.3,64,63.1,64,25859
"2010-11-10",64,64.3,63.7,64.2,40350
"2010-11-11",63.9,64.2,63.7,63.7,31729
"2010-11-12",63.6,64,63,63,29717
"2010-11-15",63.8,64,63.2,63.9,27654
"2010-11-16",64.3,64.7,64.1,64.5,57574
"2010-11-17",64.2,64.5,63.6,63.8,51389
"2010-11-18",63.7,63.9,63,63.3,39098
"2010-11-19",63.6,64,63,63.7,23828
"2010-11-22",63.6,64.3,63.2,63.8,25455
"2010-11-23",63.7,63.8,63.3,63.4,31197
"2010-11-24",63,64,63,63.2,29838
"2010-11-25",63.8,64.5,63.5,64.4,35239
"2010-11-26",63.9,64.5,63.9,64.4,34464
"2010-11-29",64.6,64.7,63.8,64.3,35816
"2010-11-30",63.8,64.4,63.4,63.4,70250
"2010-12-01",63.8,64.6,63.8,64.6,58436
"2010-12-02",65,66.4,64.9,66.2,88027
"2010-12-03",66.8,70,66.7,68.3,130917
"2010-12-06",68.9,69.5,68.4,68.5,58841
"2010-12-07",68.5,68.6,67.6,68,59039
"2010-12-08",68.6,68.7,67.8,68,47351
"2010-12-09",69,70.1,68.8,70,91627
"2010-12-10",69.6,69.9,69.3,69.7,32865
"2010-12-13",70,70.4,69,69.4,38255
"2010-12-14",69.9,69.9,68.7,69,58489
"2010-12-15",68.6,70.1,68.5,70,57589
"2010-12-16",70,71.6,69.8,71.2,66209
"2010-12-17",72,75,71.6,72.9,111499
"2010-12-20",73,73,70.9,71.2,93319
"2010-12-21",71.5,71.6,70.8,71.3,63310
"2010-12-22",71.1,71.6,70.7,71.2,27073
"2010-12-23",71.8,71.8,70.7,71,35614
"2010-12-24",71,71,70.5,70.8,56586
"2010-12-27",70.8,70.8,70,70.7,45211
"2010-12-28",70.9,71,70.6,70.9,36610
"2010-12-29",70.8,70.8,70.2,70.6,40414
"2010-12-30",70.6,70.8,70.1,70.6,55579
"2010-12-31",70.5,72.3,70.3,71,143761
"2011-01-03",71.5,71.6,70.8,71.1,35747
"2011-01-04",71,71.6,70.8,71.2,36048
"2011-01-05",70.9,71.1,69.6,69.8,54327
"2011-01-06",69.8,71,69.7,71,46802
"2011-01-07",71.9,73,71.9,72.5,170328
"2011-01-10",73,74.2,72.6,74.2,69703
"2011-01-11",74.1,74.9,73.8,74.5,82758
"2011-01-12",74.7,75,74.7,74.9,53637
"2011-01-13",75.1,75.3,74.2,74.6,93105
"2011-01-14",74.4,74.8,74.1,74.8,29817
"2011-01-17",75.4,75.9,75.3,75.8,67400
"2011-01-18",75.5,77.4,75.2,76.8,57357
"2011-01-19",76.9,78.3,76.6,78,87297
"2011-01-20",77,77,76.1,76.4,43718
"2011-01-21",74,75.2,74,74.6,81475
"2011-01-24",75.2,75.4,74.6,75.3,46169
"2011-01-25",75.9,75.9,74.9,75,50794
"2011-01-26",74.6,75.2,74.3,74.6,66830
"2011-01-27",74.9,75.4,74.8,75.2,69892
"2011-01-28",75.2,76.9,74.9,76.3,110404
"2011-02-08",77,77,74.8,75.5,110969
"2011-02-09",75.5,75.6,73.8,73.8,81246
"2011-02-10",73.1,73.4,72,72,83632
"2011-02-11",72.2,72.4,70.9,71.4,112430
"2011-02-14",72,72.9,71.5,72.5,66889
"2011-02-15",72.4,73.1,71.4,72.5,56495
"2011-02-16",72.4,72.7,71.9,72.1,54423
"2011-02-17",72.4,72.9,71.6,72.5,49330
"2011-02-18",73.1,73.9,73,73,74599
"2011-02-21",73.1,73.4,72.3,73.4,39070
"2011-02-22",72.2,72.5,71.2,72.5,82661
"2011-02-23",71.5,71.9,70.5,71,80262
"2011-02-24",71,71.4,70.5,70.5,62768
"2011-02-25",70.6,71.1,69.9,70.5,78873
"2011-03-01",70,71.8,70,71.4,84618
"2011-03-02",70.8,71,70.4,70.4,53047
"2011-03-03",70.1,71.6,70.1,70.8,59498
"2011-03-04",71.5,72,71.3,71.8,60659
"2011-03-07",71.6,71.7,70.9,70.9,30172
"2011-03-08",70.5,71.8,70.5,71.5,55818
"2011-03-09",72.2,72.2,71.1,71.4,46796
"2011-03-10",72.1,72.1,70.1,70.5,64180
"2011-03-11",70,70.6,69.5,70,52600
"2011-03-14",70.3,70.5,69.1,70.3,48041
"2011-03-15",70,70.1,66.2,68,117025
"2011-03-16",68.8,69.1,68.1,68.5,62389
"2011-03-17",66.8,67.5,65.7,67.4,105442
"2011-03-18",67.8,68.4,67.2,68.3,55721
"2011-03-21",68.3,69.1,68,69,36534
"2011-03-22",69.5,69.5,68.4,68.6,34736
"2011-03-23",69.1,69.1,68.1,68.7,31238
"2011-03-24",69.1,70.1,69,69.4,44747
"2011-03-25",70.4,71.2,70,71.2,51712
"2011-03-28",70.6,71,70.3,71,31030
"2011-03-29",70.6,71.2,70.4,70.8,34871
"2011-03-30",70.3,70.8,70,70.3,60975
"2011-03-31",71,71,70,70.6,46429
"2011-04-01",70.7,70.8,70.1,70.7,30274
"2011-04-06",71.5,72.9,71.5,72.9,114460
"2011-04-07",73,73,72.3,72.8,45215
"2011-04-08",72.9,73,72.4,72.9,65763
"2011-04-11",73,73,70.9,71.1,62602
"2011-04-12",70.5,70.7,70.1,70.1,45964
"2011-04-13",70.1,70.8,70,70.7,27891
"2011-04-14",70.3,70.5,69.6,69.8,53756
"2011-04-15",70,70,69.1,69.2,52231
"2011-04-18",69.8,69.8,68.8,69,27185
"2011-04-19",68.5,68.5,68,68.1,42733
"2011-04-20",69,69.8,68.5,69.8,48244
"2011-04-21",70.7,71.3,70.3,70.7,50937
"2011-04-22",70.9,71,70.3,70.9,25371
"2011-04-25",71,71.1,70.1,70.3,22103
"2011-04-26",69.7,70.3,69.1,70.3,31931
"2011-04-27",71.5,72.7,71.5,72.3,59307
"2011-04-28",73.4,73.7,72.9,73,83614
"2011-04-29",73.7,73.9,72.9,73.2,93588
"2011-05-03",73.9,74.8,73.6,74.6,81669
"2011-05-04",74.4,74.4,73,73.8,46678
"2011-05-05",74,74.8,73.6,74.8,45484
"2011-05-06",75,75.6,74.4,75,54111
"2011-05-09",75.6,76.1,75.2,75.5,64708
"2011-05-10",75.6,75.6,74.4,74.4,43355
"2011-05-11",75.3,75.3,74.6,75,43256
"2011-05-12",74.2,76,74.1,75.7,59055
"2011-05-13",76,76.1,75.5,75.9,40118
"2011-05-16",75.9,75.9,74.7,74.9,34105
"2011-05-17",74.6,76,74.6,75.6,41402
"2011-05-18",75.3,75.8,74.9,75.3,28263
"2011-05-19",74.9,76.3,74.9,75.2,58823
"2011-05-20",76,76,74.9,75.5,33000
"2011-05-23",74.7,75.5,74.5,75.1,39033
"2011-05-24",74.9,75.1,74.2,74.8,34788
"2011-05-25",74.2,74.9,73.3,74.5,59580
"2011-05-26",75,75,74,74.2,33240
"2011-05-27",73.8,74.5,73.8,74,49929
"2011-05-30",74,75.3,74,75.1,33733
"2011-05-31",75.5,76.9,75.4,76.7,62918
"2011-06-01",76.3,77.3,76.3,77,45321
"2011-06-02",76.3,77.4,76.3,76.4,61881
"2011-06-03",77,77.2,76.1,77.2,36770
"2011-06-07",77.2,78.2,76.6,77.5,41425
"2011-06-08",77.1,78,77.1,77.5,58253
"2011-06-09",78,78,76.8,76.9,36964
"2011-06-10",77,77.5,75.1,75.3,55348
"2011-06-13",74.5,75,73.9,74.7,72548
"2011-06-14",74.5,76.4,74.5,76.2,52975
"2011-06-15",77,77.4,76.1,77,91840
"2011-06-16",76,76.2,75.4,75.5,63134
"2011-06-17",75,75.1,74.1,74.2,91732
"2011-06-20",74.6,75.4,74.1,74.9,31787
"2011-06-21",75.4,76.2,75.3,75.9,42663
"2011-06-22",76.3,76.3,74.6,75,46702
"2011-06-23",74.7,74.9,73.8,74.2,70233
"2011-06-24",73.6,73.6,71.9,72.9,86769
"2011-06-27",72,72.1,71.6,72,65176
"2011-06-28",72.1,72.6,71.8,72.5,101716
"2011-06-29",70.9,72.1,70.4,71.4,93105
"2011-06-30",71.4,72.2,71.3,72.2,48913
"2011-07-01",72.2,73,72,72.8,41924
"2011-07-04",73.9,73.9,73.1,73.5,44330
"2011-07-05",73.2,73.3,72.4,73.2,39009
"2011-07-06",73.2,73.4,72.5,72.8,43443
"2011-07-07",72.1,72.3,71.5,71.6,47743
"2011-07-08",72.1,72.8,72,72.5,52961
"2011-07-11",72.6,72.6,70.2,71.3,52112
"2011-07-12",70.6,70.8,70.1,70.3,40008
"2011-07-13",70.5,72.5,70.1,72.2,69109
"2011-07-14",70.5,71.4,70.1,70.7,54411
"2011-07-15",70,70.2,69.5,69.9,89121
"2011-07-18",69.7,70.2,69.4,69.7,37965
"2011-07-19",69.6,69.8,68.5,68.5,57459
"2011-07-20",69.7,71.7,69.4,71.6,58272
"2011-07-21",71.4,71.6,70.6,71.6,33277
"2011-07-22",72.4,72.4,71.7,72,38243
"2011-07-25",72.4,72.5,71.4,72,34963
"2011-07-26",72.3,73.7,72.3,73.7,53159
"2011-07-27",73.7,73.9,73,73.4,45636
"2011-07-28",72.8,73.4,72.3,73,33720
"2011-07-29",71.8,72.4,71.3,72,60692
"2011-08-01",72,72.8,72,72.6,41138
"2011-08-02",72,72.1,71.2,71.4,33521
"2011-08-03",70.1,70.5,69.8,70.1,46025
"2011-08-04",69.6,70.7,69.6,70,45103
"2011-08-05",66,68,66,66.6,89690
"2011-08-08",66,67.4,64,65.2,97536
"2011-08-09",62.5,65.1,62.2,63.3,116036
"2011-08-10",65.1,67,65,65.8,109804
"2011-08-11",64.6,66.8,64,66.4,54377
"2011-08-12",67.2,67.6,65.1,65.1,64348
"2011-08-15",66.9,66.9,65.9,66.8,40240
"2011-08-16",66.8,66.8,66,66,39029
"2011-08-17",66,66.2,65.3,65.8,35881
"2011-08-18",65.8,65.8,63.3,64.4,73320
"2011-08-19",63.1,63.9,63,63.9,49269
"2011-08-22",63.6,65.5,63,65,46371
"2011-08-23",65,67.1,65,66.8,46548
"2011-08-24",67.7,67.7,66.4,67.5,50480
"2011-08-25",67.4,67.6,66.4,67,30883
"2011-08-26",67.1,68.3,67,67.9,40513
"2011-08-29",68.6,69.9,68.1,69.4,38635
"2011-08-30",70.3,70.3,68.6,69,33757
"2011-08-31",69.1,69.4,67.8,69.4,47789
"2011-09-01",69.4,69.8,68.6,68.6,47994
"2011-09-02",69.5,69.5,67.1,67.5,44964
"2011-09-05",66.1,67.1,65.9,66.6,49912
"2011-09-06",66.5,67.2,66.1,66.1,40850
"2011-09-07",67,68.6,66.8,68.6,40117
"2011-09-08",69.6,69.6,68.4,68.7,43046
"2011-09-09",69.5,70.1,68.9,69.3,38350
"2011-09-13",69.6,70,68.4,68.4,34951
"2011-09-14",69.5,69.6,66.9,67.2,60845
"2011-09-15",69,69.8,68.5,69.1,44236
"2011-09-16",70.4,72,70.3,71.1,78609
"2011-09-19",71.4,71.7,70.7,71.2,28798
"2011-09-20",71,71.7,69.7,70.5,46911
"2011-09-21",71,72.1,70.9,72,54414
"2011-09-22",70.2,70.5,69,69,64921
"2011-09-23",68.2,68.9,67.4,67.5,89409
"2011-09-26",67.7,68.3,66.9,67.2,61686
"2011-09-27",68.9,70.2,68.7,69.9,56719
"2011-09-28",70.8,70.9,69.8,70.3,46783
"2011-09-29",69.6,70.9,69.3,70.3,39956
"2011-09-30",70.3,70.8,69,70,60517
"2011-10-03",70,70,68.1,68.6,33968
"2011-10-04",70,70,68.2,69.1,36568
"2011-10-05",68.9,69.7,68.7,69.1,36349
"2011-10-06",69.7,69.9,68.7,69,57263
"2011-10-07",69.5,69.6,68.7,69.1,47924
"2011-10-11",70,70.4,69.6,70,55726
"2011-10-12",70.5,70.5,69.6,70.4,41639
"2011-10-13",69.8,70.4,68.8,70.4,58476
"2011-10-14",70.8,70.8,69.9,70.3,38790
"2011-10-17",70.8,71.1,70.5,71.1,39053
"2011-10-18",70.1,70.7,70,70.7,25859
"2011-10-19",71,71.1,70.2,71.1,32281
"2011-10-20",70.5,70.7,69.6,69.7,27287
"2011-10-21",70.7,70.7,69.6,70.3,17965
"2011-10-24",71.2,71.9,71.2,71.7,50146
"2011-10-25",71.8,72,71,71.5,43178
"2011-10-26",71.4,72,71.1,71.9,25727
"2011-10-27",72,72.2,71.4,71.9,39438
"2011-10-28",73.5,74,72.1,73.1,93382
"2011-10-31",73.5,73.8,73.1,73.6,46791
"2011-11-01",73.5,74,73,73.8,37363
"2011-11-02",73.1,73.9,72.4,73.9,34693
"2011-11-03",74.2,74.2,72.3,73.5,43447
"2011-11-04",74.5,74.9,73.9,74.6,57309
"2011-11-07",75,75.2,74.3,75,29685
"2011-11-08",75,75,74,74.5,21482
"2011-11-09",74.9,74.9,74.1,74.1,20575
"2011-11-10",72.5,73.4,72.5,72.6,49448
"2011-11-11",73.5,73.6,72.6,73.4,27527
"2011-11-14",74.9,76,74.6,75.9,63725
"2011-11-15",75.5,76,75,76,37165
"2011-11-16",76,76,74.9,75.4,39988
"2011-11-17",75.2,76,74.8,75.7,34944
"2011-11-18",75,75.2,73.7,74.2,56459
"2011-11-21",73.2,73.9,73,73.3,23406
"2011-11-22",75.2,75.2,73.8,74,47492
"2011-11-23",74,74.5,73.1,73.4,43984
"2011-11-24",72.9,73.2,72.6,72.8,47608
"2011-11-25",73,73.3,71.3,71.6,38314
"2011-11-28",71.6,74.4,71.6,73.6,34957
"2011-11-29",73.8,74.2,72.9,73.6,42724
"2011-11-30",74,74.6,73,74.6,51449
"2011-12-01",75.5,76.6,75.5,76.6,78593
"2011-12-02",76.6,76.8,75.4,76,35343
"2011-12-05",76,76.3,75.4,76.3,30150
"2011-12-06",76.3,76.3,75.3,75.4,43140
"2011-12-07",76.5,76.5,75.4,76.4,40912
"2011-12-08",76.7,76.7,75.3,76.3,31710
"2011-12-09",76,76,73.5,74.1,42027
"2011-12-12",75.1,75.2,74.1,75,28589
"2011-12-13",73.7,75.2,73.7,75.2,31354
"2011-12-14",75.1,75.1,73.9,74.5,29240
"2011-12-15",74.1,74.1,72.5,72.5,36001
"2011-12-16",72.8,73.4,72.5,72.7,22604
"2011-12-19",73.5,73.5,72,72.5,24542
"2011-12-20",72.9,72.9,72,72.8,27359
"2011-12-21",74.9,76,74.1,76,54091
"2011-12-22",75.3,75.5,74.4,75,26771
"2011-12-23",75.8,75.8,74.6,75.4,30276
"2011-12-26",75.4,75.5,74.7,75,11335
"2011-12-27",74.8,75.5,74.7,75.5,14641
"2011-12-28",75.3,75.7,74.9,75.7,20046
"2011-12-29",75.4,75.9,75.2,75.8,24790
"2011-12-30",75.7,75.9,74.9,75.8,32283
"2012-01-02",75,75.4,74.7,75,14945
"2012-01-03",75.5,75.9,75.2,75.7,21223
"2012-01-04",76.1,76.1,75.5,75.8,34126
"2012-01-05",76,76,75.3,76,28076
"2012-01-06",75.9,75.9,74.9,75.6,30123
"2012-01-09",75.2,75.6,74.6,75.6,27655
"2012-01-10",76,76.5,75.8,76.5,62064
"2012-01-11",76.8,77,76.1,76.5,44295
"2012-01-12",76.7,77.1,76.5,77,55520
"2012-01-13",77.2,78,77,77.5,57757
"2012-01-16",76.1,76.9,74.6,75.3,37711
"2012-01-17",75.9,75.9,74.9,75.6,43995
"2012-01-18",75.9,76.7,75.6,76.7,57181
"2012-01-30",78,79.5,77.2,78.7,147548
"2012-01-31",78.1,78.5,76.3,78.5,87917
"2012-02-01",77.5,77.7,76.7,77,47222
"2012-02-02",77.5,77.5,76.1,76.8,54065
"2012-02-03",76.3,76.4,75.6,76.2,49361
"2012-02-04",76.4,76.7,76,76.5,22960
"2012-02-06",77.3,77.5,76.6,77.4,47596
"2012-02-07",77.5,77.5,76.8,77.4,30008
"2012-02-08",77.5,77.5,76.9,77.5,35600
"2012-02-09",77,78,76.5,78,70988
"2012-02-10",78,78,76.7,76.9,47270
"2012-02-13",76.4,77.1,76.2,76.6,36415
"2012-02-14",77.1,77.4,76.2,77.3,42110
"2012-02-15",77.6,78.5,77.6,78.5,71500
"2012-02-16",78.5,78.9,78,78.5,59907
"2012-02-17",79.5,81.1,79.4,80,78979
"2012-02-20",80.6,80.8,79.7,80,31810
"2012-02-21",80,80,79.3,80,28138
"2012-02-22",79.9,80,79,79.7,41142
"2012-02-23",79,79.4,77.7,78.1,59975
"2012-02-24",77.5,79.1,77.2,79.1,41026
"2012-02-29",80.2,81.1,79.4,81.1,78339
"2012-03-01",81,81,80.1,80.1,21239
"2012-03-02",80,80.1,79.2,80,23912
"2012-03-03",79.1,79.6,79.1,79.3,7341
"2012-03-05",78.7,79.6,78.5,78.9,22825
"2012-03-06",79.6,79.6,78.3,79.5,27779
"2012-03-07",79,79.3,78.7,79.1,30335
"2012-03-08",79.8,80.2,79.2,79.7,36967
"2012-03-09",79.5,80,78.8,80,22731
"2012-03-12",80.2,80.5,79.6,80,28952
"2012-03-13",80.6,81.3,80.1,81.3,48137
"2012-03-14",82.4,83.2,82,83.2,63309
"2012-03-15",83.2,83.2,82.5,83.2,30609
"2012-03-16",83.2,83.8,81.1,81.1,29210
"2012-03-19",83.7,84.2,82.4,83.7,37508
"2012-03-20",84,84.1,82.8,83.2,30105
"2012-03-21",84.8,85.2,83.8,84.9,76183
"2012-03-22",85,85.7,84.3,85.2,38057
"2012-03-23",85,85.4,84.4,85.4,29495
"2012-03-26",85.1,85.1,82.5,83.6,59940
"2012-03-27",85,85.8,84.3,85.8,38560
"2012-03-28",86.5,86.5,84.6,85.5,28304
"2012-03-29",84.5,84.5,83.4,84.1,49939
"2012-03-30",83.7,84.9,82.9,84.9,43825
"2012-04-02",84.8,85.2,84,85.1,23685
"2012-04-03",85,85,83.8,85,31283
"2012-04-05",83.3,84,83.1,83.1,47674
"2012-04-06",84,84,83.1,83.8,34112
"2012-04-09",82,83.6,82,83,23247
"2012-04-10",83.1,83.5,81.8,82,33387
"2012-04-11",82,83.5,81.7,82.4,40770
"2012-04-12",82.5,82.7,81.5,82.6,39454
"2012-04-13",83.4,85,82.7,84.9,44743
"2012-04-16",84.6,85,83.8,84.9,19776
"2012-04-17",84.9,84.9,83.4,83.8,29502
"2012-04-18",85,85,84.4,85,32818
"2012-04-19",84.5,85.8,84.3,85.8,31617
"2012-04-20",85,85.7,84.1,84.3,29213
"2012-04-23",84.2,84.6,83.4,84.3,20351
"2012-04-24",83.8,84.6,83.6,84.6,33319
"2012-04-25",84.9,84.9,83.9,84.2,49611
"2012-04-26",84.2,84.2,83.5,84,21066
"2012-04-27",87,89.8,86,86,118848
"2012-04-30",86.3,87.4,85.7,86.8,47647
"2012-05-02",87,88.9,86.8,88.4,48249
"2012-05-03",88.4,89,87.9,88.9,27728
"2012-05-04",86.7,88,86.7,87.6,37719
"2012-05-07",86.5,86.5,85,85.6,47917
"2012-05-08",86,86,84.4,84.4,45836
"2012-05-09",83.9,85.2,83.5,84.6,41263
"2012-05-10",85,85.7,84.3,85.3,28688
"2012-05-11",85.7,85.7,84.5,85.5,33627
"2012-05-14",84.8,85.5,84.8,85.4,14135
"2012-05-15",85.4,85.7,84.1,85.5,30739
"2012-05-16",84.2,84.5,83.4,83.4,65470
"2012-05-17",84.8,85.1,84.1,85.1,33657
"2012-05-18",83.9,83.9,81.8,81.8,57620
"2012-05-21",81,82.8,81,82.5,32414
"2012-05-22",82.7,82.9,82.2,82.2,33977
"2012-05-23",81,81.2,79,79.1,63269
"2012-05-24",78.9,80.6,78.1,80.6,40984
"2012-05-25",79.8,80.5,79.2,80,28279
"2012-05-28",80,81.7,79.8,81.6,30137
"2012-05-29",82.5,83.2,82,82.3,41171
"2012-05-30",81.6,82,80.3,81.7,75751
"2012-05-31",80.5,85.1,79.7,85.1,89332
"2012-06-01",81.7,81.7,79.9,79.9,66924
"2012-06-04",76.5,77.1,76.1,76.5,66008
"2012-06-05",77.5,78.2,77.2,78.2,37616
"2012-06-06",78.2,78.6,77.5,77.8,33715
"2012-06-07",79.4,79.8,78.6,79.8,47699
"2012-06-08",77,78.7,77,77.9,35987
"2012-06-11",79.9,80.5,79.6,80.4,40596
"2012-06-12",78.5,79.8,78.5,79.4,38319
"2012-06-13",80.8,80.8,79.5,80,32284
"2012-06-14",80,80.2,79.1,79.2,31161
"2012-06-15",79.2,79.5,78.1,78.1,89900
"2012-06-18",80,81,80,80.8,33737
"2012-06-19",80.9,80.9,80,80.5,28910
"2012-06-20",81.3,81.6,80.5,81.6,35326
"2012-06-21",80.5,81,80.3,80.6,27063
"2012-06-22",80,81,79.9,80.1,31117
"2012-06-25",80.8,80.8,79.1,79.6,40786
"2012-06-26",79,79.1,78.3,78.7,42391
"2012-06-27",78.3,79.5,78.2,79.3,32770
"2012-06-28",80,80.3,79.5,79.9,33113
"2012-06-29",79.6,81.3,79.3,81.3,50919
"2012-07-02",81.5,83.7,81.5,83.3,64377
"2012-07-03",83.6,84.9,83.4,84.2,60850
"2012-07-04",82.1,82.1,81.2,81.2,44220
"2012-07-05",82,82,80.7,81,28556
"2012-07-06",81,81,80.1,80.9,38187
"2012-07-09",79.9,80.3,79.6,80,45060
"2012-07-10",79.4,79.9,78.6,79.1,37141
"2012-07-11",78.1,78.3,77.4,78.1,59419
"2012-07-12",77.5,77.5,75.7,75.7,69235
"2012-07-13",74.9,76,74.5,75.8,52310
"2012-07-16",76.3,76.3,75.5,75.5,41994
"2012-07-17",74.5,75.2,74.5,74.8,51879
"2012-07-18",75,75.3,74.8,74.8,38710
"2012-07-19",76.8,78,76.8,77.5,62113
"2012-07-20",76.4,77,76.2,76.7,49932
"2012-07-23",75.1,75.1,73.8,74.3,57536
"2012-07-24",74.3,74.8,74.2,74.8,39973
"2012-07-25",75,75.2,74.4,74.6,72480
"2012-07-26",75.7,76.7,75.2,76.3,47155
"2012-07-27",77.9,79.4,77.2,79.3,73460
"2012-07-30",80,80.4,78.8,79,51381
"2012-07-31",78.5,81,78.5,81,68248
"2012-08-01",80.1,80.5,79.4,80,43525
"2012-08-03",79.5,80.1,79.2,79.8,47301
"2012-08-06",80.9,81.5,80.7,80.9,58469
"2012-08-07",81.3,81.4,80.7,81.4,40186
"2012-08-08",81.9,81.9,80.1,80.5,40138
"2012-08-09",81.3,82.3,81.3,82.3,54299
"2012-08-10",82.3,82.4,81.2,82,30075
"2012-08-13",83.8,83.8,82.5,82.7,30295
"2012-08-14",83,83.8,82.8,83.2,33337
"2012-08-15",83.7,83.7,82.5,83,27500
"2012-08-16",83,83.4,82.5,82.9,28242
"2012-08-17",83,83.2,82,82,30136
"2012-08-20",82.7,82.7,81.9,82.4,26037
"2012-08-21",82.7,83.9,82.7,83.6,36886
"2012-08-22",83.1,83.4,81.9,82.4,33635
"2012-08-23",82.4,82.8,82.2,82.7,22367
"2012-08-24",82.3,82.3,81.7,82,25494
"2012-08-27",82.9,83.5,82.4,83,25735
"2012-08-28",82.3,83.4,82,82.4,32428
"2012-08-29",82.6,83,82.1,82.7,18467
"2012-08-30",82.3,83.2,82.3,82.7,46031
"2012-08-31",82.4,83.3,82.4,83.3,13536
"2012-09-03",83.5,83.9,82.8,83.9,20795
"2012-09-04",84,84,83.5,84,21703
"2012-09-05",83,83.3,81.9,82,43302
"2012-09-06",82.8,82.8,81,81.1,25873
"2012-09-07",83,83.9,82.8,83.8,44499
"2012-09-10",83.3,83.6,83.2,83.5,23048
"2012-09-11",84.2,84.7,84,84.4,31624
"2012-09-12",84.5,84.9,84.5,84.5,37513
"2012-09-13",84.5,85,84.5,85,29680
"2012-09-14",85.6,86.5,85.5,86.5,52174
"2012-09-17",86.9,87,85.8,86.5,26567
"2012-09-18",86.5,86.5,85.4,85.7,35898
"2012-09-19",85.9,86.4,85.1,86,43594
"2012-09-20",86,86,85.1,85.3,26839
"2012-09-21",86,86.5,85.3,85.7,51084
"2012-09-24",85.7,86.4,85.1,86.1,30360
"2012-09-25",85.8,86.2,85.7,85.9,35919
"2012-09-26",85.4,86.4,85,86.4,36962
"2012-09-27",86.8,87.8,86.2,87.6,55641
"2012-09-28",88.6,89.8,88.5,89.8,70929
"2012-10-01",89.2,89.2,88.3,88.9,38173
"2012-10-02",89.2,89.8,88.9,89.6,35734
"2012-10-03",89.6,89.9,89.3,89.8,32589
"2012-10-04",89.9,90.6,89.5,90.6,39780
"2012-10-05",91,91.3,90.4,91,42175
"2012-10-08",91,91,89,89.1,40762
"2012-10-09",87.2,88.5,87.1,87.1,61216
"2012-10-11",85.1,85.7,84.8,85.5,77901
"2012-10-12",85.6,86.3,85.3,86.3,24739
"2012-10-15",86.1,86.4,85.4,86.4,19652
"2012-10-16",86.7,87.5,86.7,87.5,29927
"2012-10-17",87.8,88,86.5,87.4,35886
"2012-10-18",87,88.2,87,88.1,23090
"2012-10-19",86.2,87.3,86.2,86.7,27673
"2012-10-22",86.3,86.3,85.6,86,21235
"2012-10-23",85.9,86.3,85.6,85.7,16192
"2012-10-24",85.1,86.4,85.1,85.4,30208
"2012-10-25",85.4,85.6,84.5,84.8,39418
"2012-10-26",86.5,88.3,86.3,87.3,68297
"2012-10-29",88.3,89.1,87.6,88.1,37746
"2012-10-30",88.8,89,87.7,88,30349
"2012-10-31",88,88.8,87.9,88.7,26035
"2012-11-01",88.6,89.2,87.7,89.2,36018
"2012-11-02",90,90.1,89.5,89.9,39106
"2012-11-05",89.9,90.3,88.8,90.3,31496
"2012-11-06",90.6,90.6,89.7,90.4,26410
"2012-11-07",90.5,91,90,91,22104
"2012-11-08",90.8,90.9,89.9,90.5,39982
"2012-11-09",90.3,90.9,89.5,90.8,38435
"2012-11-12",91,91.8,90.6,91.3,29957
"2012-11-13",91,91,89.3,90.3,41761
"2012-11-14",90,90.9,89.5,90.5,31098
"2012-11-15",89.9,90.6,89,90.2,25096
"2012-11-16",89.2,90.3,89.2,90.2,33802
"2012-11-19",89.7,90.5,89.7,90,24008
"2012-11-20",90,90.4,89.8,90.4,21474
"2012-11-21",90.3,90.9,89.2,90.5,30262
"2012-11-22",90.3,91.3,90.3,91.3,20798
"2012-11-23",91.6,95.5,91.5,95.5,64301
"2012-11-26",95.5,95.6,94.9,95.3,40021
"2012-11-27",94.6,96.3,94.3,96.3,50925
"2012-11-28",95.8,96.1,95.3,95.9,63210
"2012-11-29",96,97.3,95.5,96.5,56516
"2012-11-30",96,98.8,95.9,98.7,76884
"2012-12-03",98.3,98.6,96.8,97.9,44060
"2012-12-04",96.9,97.2,95.3,96.6,43075
"2012-12-05",94.6,97.1,94.6,96.9,60542
"2012-12-06",96.6,96.9,96.1,96.6,33501
"2012-12-07",97.1,98.5,97.1,98.1,37114
"2012-12-10",97.9,98,96.5,96.5,30865
"2012-12-11",97.3,98.3,96.7,98.3,40668
"2012-12-12",98.3,98.5,97.2,98.4,42272
"2012-12-13",98.3,99.4,97.9,99.2,45585
"2012-12-14",98.2,98.6,97.5,98.4,34112
"2012-12-17",96.4,97.7,96.2,97,46715
"2012-12-18",95,96.7,95,96.7,35430
"2012-12-19",96.7,97.3,96.2,97.3,27889
"2012-12-20",96.1,96.9,95.1,96,35517
"2012-12-21",95.1,96.5,94.6,94.8,34754
"2012-12-22",95.7,96.2,95,95.7,8384
"2012-12-24",96,96.4,95.1,95.2,17215
"2012-12-25",96,97.3,95.6,96.5,16006
"2012-12-26",96.5,97.3,96,96,12055
"2012-12-27",96.2,96.7,95.5,95.6,24204
"2012-12-28",96.8,97,95.9,97,25705
"2013-01-02",97.6,99.9,97.1,99.6,40647
"2013-01-03",100.5,102,100,101,44335
"2013-01-04",100.5,101.5,100,101.5,39502
"2013-01-07",101,101,99.1,100.5,42328
"2013-01-08",99.6,100,98.9,99.7,31218
"2013-01-09",100.5,100.5,99.2,100,26417
"2013-01-10",99.9,101,99.5,101,41234
"2013-01-11",101.5,101.5,100.5,101,22993
"2013-01-14",101,102,100,102,23575
"2013-01-15",102,102,99.8,100.5,36015
"2013-01-16",100.5,100.5,99.2,99.2,35496
"2013-01-17",100.5,101,98.5,99.3,40526
"2013-01-18",101.5,101.5,100.5,101.5,49874
"2013-01-21",101,101,100,100.5,17310
"2013-01-22",101,101,99.9,101,21946
"2013-01-23",101.5,101.5,100,101,30821
"2013-01-24",100,100.5,99.2,99.9,40653
"2013-01-25",99.9,99.9,98,99,48674
"2013-01-28",98.7,99.5,98.6,99.3,29190
"2013-01-29",100,101.5,99.7,101,36060
"2013-01-30",102,102,100.5,101.5,28862
"2013-01-31",100.5,101.5,100,101.5,42489
"2013-02-01",101.5,101.5,100.5,101.5,23211
"2013-02-04",102,103,102,103,35257
"2013-02-05",103,103,101.5,103,17896
"2013-02-06",103.5,105,103,105,32330
"2013-02-18",107,108.5,106.5,107,64345
"2013-02-19",108.5,108.5,106.5,107,22103
"2013-02-20",108.5,109.5,108,109,41921
"2013-02-21",108.5,108.5,107,107,30551
"2013-02-22",106,106.5,105,105.5,39577
"2013-02-23",106.5,107.5,106,107,10174
"2013-02-25",106.5,107,105,105,37216
"2013-02-26",103.5,105,102.5,103.5,38498
"2013-02-27",102,104.5,101,104.5,81358
"2013-03-01",103,105,102.5,105,35081
"2013-03-04",104.5,104.5,101.5,102,55265
"2013-03-05",103.5,104,102.5,104,56213
"2013-03-06",104,104.5,103,104,38026
"2013-03-07",103.5,104,103,103,20783
"2013-03-08",103,104.5,102,103.5,46036
"2013-03-11",102,104,102,102,36093
"2013-03-12",102,103,101.5,102.5,30064
"2013-03-13",102.5,105,102,104.5,57955
"2013-03-14",104,104.5,103,104,33067
"2013-03-15",105,105,103,103,35632
"2013-03-18",102,102,100.5,100.5,44188
"2013-03-19",101,101.5,99.6,100,50765
"2013-03-20",99.5,99.5,98.8,98.8,64024
"2013-03-21",98.8,100.5,98.7,98.7,58467
"2013-03-22",98.6,99.1,98,98,44937
"2013-03-25",99.9,100.5,99.2,99.5,25469
"2013-03-26",99.2,99.4,98.8,99,27220
"2013-03-27",99,100.5,98.8,100.5,29969
"2013-03-28",100,100.5,99.3,100,29558
"2013-03-29",100,101,99.8,100.5,19003
"2013-04-01",101,102,100.5,101,16374
"2013-04-02",100.5,101,99.8,100.5,22334
"2013-04-03",101.5,101.5,100,100.5,27097
"2013-04-08",99,99.5,98.5,98.5,58367
"2013-04-09",98,98.5,97.5,97.5,41316
"2013-04-10",98.8,98.8,97.7,98.3,36746
"2013-04-11",99,101.5,98.8,101.5,57867
"2013-04-12",101.5,101.5,100,100.5,19568
"2013-04-15",100.5,101,99.1,99.4,23440
"2013-04-16",98.2,101,98.2,100.5,35918
"2013-04-17",101.5,101.5,99.7,100,35897
"2013-04-18",100,101,99.4,99.9,33083
"2013-04-19",105.5,106.5,105.5,106.5,66950
"2013-04-22",108.5,109.5,107.5,108.5,72502
"2013-04-23",106.5,107.5,105.5,106,46146
"2013-04-24",106.5,107,104.5,106,35495
"2013-04-25",106,107,105.5,107,26287
"2013-04-26",107,109,107,108.5,36776
"2013-04-29",108.5,108.5,107.5,108,21092
"2013-04-30",108.5,109.5,108.5,109.5,34612
"2013-05-02",110,111,109,110.5,38796
"2013-05-03",111.5,112.5,110,110,36621
"2013-05-06",111.5,111.5,110.5,111.5,19393
"2013-05-07",112,113,111,112.5,22448
"2013-05-08",112.5,115,112.5,114.5,42509
"2013-05-09",116,116,114.5,115,27606
"2013-05-10",115,115,113.5,114.5,27536
"2013-05-13",115,115.5,114,114.5,18263
"2013-05-14",115.5,116.5,115,115.5,27855
"2013-05-15",115,116,113.5,115,29107
"2013-05-16",115,116,113,113.5,45770
"2013-05-17",112,113.5,111.5,113.5,19316
"2013-05-20",112.5,114,112.5,114,16882
"2013-05-21",113,113.5,112,112.5,17238
"2013-05-22",112.5,113.5,111,112,34068
"2013-05-23",110.5,111.5,108,108,46874
"2013-05-24",109.5,110.5,108.5,109.5,26736
"2013-05-27",109.5,112,109.5,112,19161
"2013-05-28",112,112.5,109.5,109.5,22762
"2013-05-29",110.5,112,110.5,111,16781
"2013-05-30",111,111.5,109.5,110,36121
"2013-05-31",111.5,111.5,109,109.5,37205
"2013-06-03",108,108.5,106.5,107.5,35834
"2013-06-04",109,110,107.5,109,27476
"2013-06-05",109.5,110.5,108.5,109.5,25581
"2013-06-06",108.5,109.5,107,107.5,34251
"2013-06-07",108,109.5,108,108.5,33085
"2013-06-10",110,110,108,108.5,21941
"2013-06-11",110,110,108,108,37162
"2013-06-13",106,107,104,104.5,61059
"2013-06-14",105,106,104.5,106,41207
"2013-06-17",105.5,106,105,106,23014
"2013-06-18",105,106.5,104.5,106.5,31676
"2013-06-19",106,106.5,105,105.5,22084
"2013-06-20",105,105.5,103.5,104,29998
"2013-06-21",102,103.5,101.5,103.5,39844
"2013-06-24",102.5,102.5,100,101,54091
"2013-06-25",101,103,101,101,33897
"2013-06-26",103,104,101.5,101.5,55865
"2013-06-27",103,105,103,104.5,46982
"2013-06-28",106,111,105,111,74514
"2013-07-01",109,109.5,108,108,51935
"2013-07-02",109,110,108.5,110,44982
"2013-07-03",107,107,105.5,107,44740
"2013-07-04",106.5,107,106,107,24500
"2013-07-05",107.5,109.5,107,109,28276
"2013-07-08",107,108,104.5,105,32770
"2013-07-09",104.5,106.5,103.5,106,35511
"2013-07-10",104.5,107,104.5,106,22082
"2013-07-11",107.5,109.5,107.5,109.5,56918
"2013-07-12",109.5,110,108.5,110,31046
"2013-07-15",108.5,109.5,108,109.5,33373
"2013-07-16",108.5,109,107,108,35961
"2013-07-17",108,109,107,109,40121
"2013-07-18",107.5,108,105.5,105.5,53223
"2013-07-19",99.4,99.7,98.2,98.2,123330
"2013-07-22",98,98.4,96.9,97,88048
"2013-07-23",98.5,101.5,98.5,100,85595
"2013-07-24",100.5,103,100,102,58355
"2013-07-25",102,103.5,101,102.5,37559
"2013-07-26",103,103,101,102.5,31817
"2013-07-29",100,101.5,100,100,38334
"2013-07-30",100.5,102.5,100.5,102,33871
"2013-07-31",101.5,103,101,102.5,36997
"2013-08-01",102,102,100,100.5,32509
"2013-08-02",102.5,103,100,100.5,28039
"2013-08-05",100,101.5,99.9,100.5,23372
"2013-08-06",100.5,100.5,98.6,98.8,42787
"2013-08-07",98.5,98.5,97,97,45969
"2013-08-08",96,97.1,95.3,96.4,55873
"2013-08-09",100,100,96.4,96.4,47192
"2013-08-12",96.4,96.7,95.6,96,33454
"2013-08-13",96,97.4,96,97.2,34392
"2013-08-14",96,97.3,95.8,96.8,44023
"2013-08-15",96.4,96.4,95.3,96,42687
"2013-08-16",95.4,97.5,95.2,96.5,37698
"2013-08-19",95.5,96.1,95.3,95.5,52061
"2013-08-20",95.2,95.4,94.4,94.4,42471
"2013-08-22",93,94.9,92.9,94.5,60311
"2013-08-23",95.7,97.3,95.5,97,44454
"2013-08-26",97.6,97.6,96.1,96.8,18698
"2013-08-27",96,96.8,95.6,95.6,24474
"2013-08-28",95.6,97.3,95.1,96.8,35977
"2013-08-29",96.9,98.9,96.9,98.7,52396
"2013-08-30",99.6,100.5,98.8,100.5,38965
"2013-09-02",100,102,99.6,102,30859
"2013-09-03",103,103,101.5,102,33838
"2013-09-04",100.5,101.5,100,100.5,25229
"2013-09-05",100.5,101.5,100,101.5,35890
"2013-09-06",102,102,101,102,25342
"2013-09-09",102.5,103,101,103,33083
"2013-09-10",103,104.5,102.5,104.5,37392
"2013-09-11",103,104.5,102.5,104.5,41349
"2013-09-12",103,104.5,103,103.5,32865
"2013-09-13",102.5,103,102,102.5,23635
"2013-09-14",102.5,103.5,102,102.5,5222
"2013-09-16",104,105.5,104,105.5,40693
"2013-09-17",105.5,105.5,104.5,105.5,25467
"2013-09-18",105,105.5,103,103,34987
"2013-09-23",103,106,102.5,105.5,57281
"2013-09-24",105,105.5,104,105,28676
"2013-09-25",104.5,104.5,103,103,35289
"2013-09-26",103.5,103.5,101.5,101.5,23059
"2013-09-27",103.5,103.5,102,103,26663
"2013-09-30",100.5,102,100,100.5,46224
"2013-10-01",100.5,102.5,100.5,101.5,22927
"2013-10-02",103.5,103.5,102,103,14707
"2013-10-03",103.5,106,103,105,50840
"2013-10-04",104.5,105,103.5,104,21986
"2013-10-07",103.5,104,102,103,24399
"2013-10-08",103.5,105.5,103,105,35150
"2013-10-09",104,105.5,103,105,26186
"2013-10-11",105,107.5,105,106.5,59435
"2013-10-14",106.5,106.5,105,105,18800
"2013-10-15",106.5,107,106,107,21681
"2013-10-16",108,108,106,106,19077
"2013-10-17",107.5,108,107,107,28186
"2013-10-18",108.5,110,108.5,110,60125
"2013-10-21",111,111.5,109.5,110,41327
"2013-10-22",110,111.5,109.5,111.5,39837
"2013-10-23",111,111.5,110,111,23057
"2013-10-24",109,110,108.5,110,21570
"2013-10-25",108.5,109,106.5,107,37244
"2013-10-28",108,109.5,107.5,109.5,21241
"2013-10-29",108.5,109.5,108,109.5,21531
"2013-10-30",109,110,109,110,16768
"2013-10-31",108.5,109.5,108,109.5,23098
"2013-11-01",110.5,110.5,108.5,109.5,10870
"2013-11-04",108,109,108,109,9642
"2013-11-05",108.5,109,106.5,106.5,21861
"2013-11-06",106.5,107.5,106.5,107,17440
"2013-11-07",107,107.5,106,107,15944
"2013-11-08",105,106.5,105,106,31481
"2013-11-11",105,106,104.5,104.5,21491
"2013-11-12",106,106,104.5,105,31992
"2013-11-13",105,105,103,103,26708
"2013-11-14",104,104.5,103.5,103.5,29933
"2013-11-15",103.5,104.5,103.5,104,19904
"2013-11-18",104.5,105,104,104,25297
"2013-11-19",104.5,105.5,104,105,34510
"2013-11-20",104,104,102.5,103,46675
"2013-11-21",102,103,100.5,101,57002
"2013-11-22",100,101.5,100,100,57158
"2013-11-25",101,102.5,101,101,30949
"2013-11-26",102,105,101.5,103.5,47194
"2013-11-27",105,105.5,104.5,105,22853
"2013-11-28",105,105.5,104.5,105,22995
"2013-11-29",104.5,105,104,105,34465
"2013-12-02",105,105.5,104,104.5,19042
"2013-12-03",104,105,103.5,104,26811
"2013-12-04",103.5,105.5,103.5,105,23630
"2013-12-05",105,105,103.5,104,25209
"2013-12-06",103,104.5,103,103,25358
"2013-12-09",104,105,104,105,23971
"2013-12-10",104.5,105,104,104,22935
"2013-12-11",103.5,105,103.5,105,24614
"2013-12-12",104.5,104.5,103,103,18536
"2013-12-13",102.5,103.5,102.5,102.5,28297
"2013-12-16",102.5,103,102,102,18772
"2013-12-17",103,104.5,103,103.5,26232
"2013-12-18",102.5,103,101,101,66102
"2013-12-19",102,103,101.5,102.5,27824
"2013-12-20",101.5,103.5,101.5,102,37618
"2013-12-23",103,104.5,103,104,28393
"2013-12-24",104,104,103,103,14079
"2013-12-25",102.5,103.5,102.5,103,9789
"2013-12-26",103,104,103,104,6793
"2013-12-27",103.5,104.5,103,104.5,24135
"2013-12-30",104,106,104,106,44280
"2013-12-31",105.5,106,105,105.5,24484
"2014-01-02",105,105.5,103.5,104.5,15133
"2014-01-03",103,103,102,102.5,41160
"2014-01-06",102,103,102,102.5,23729
"2014-01-07",102.5,103,102,102,18803
"2014-01-08",103,104.5,102.5,104,30933
"2014-01-09",102.5,103,100.5,101,64221
"2014-01-10",102,102.5,101.5,102,36289
"2014-01-13",103,103.5,102.5,103,22080
"2014-01-14",102.5,103.5,102,103.5,21718
"2014-01-15",104,106,104,105,54458
"2014-01-16",106,107.5,106,107,49601
"2014-01-17",108,108.5,107,107.5,55767
"2014-01-20",107,108.5,107,107.5,24299
"2014-01-21",108.5,108.5,106,106.5,25121
"2014-01-22",106,107.5,106,107.5,28726
"2014-01-23",108.5,108.5,107.5,107.5,28308
"2014-01-24",107,108.5,107,108,34059
"2014-01-27",106,106.5,104,105,65271
"2014-02-05",102,102,100.5,100.5,147198
"2014-02-06",101,103,101,102,73840
"2014-02-07",103.5,104.5,103,104,54185
"2014-02-10",104,104.5,103,103,26243
"2014-02-11",104.5,105,104,104.5,23523
"2014-02-12",105,105.5,104.5,105,25305
"2014-02-13",105,106,105,105,19625
"2014-02-14",106.5,107.5,106.5,107.5,42737
"2014-02-17",108,108.5,107.5,108.5,34368
"2014-02-18",108.5,108.5,107.5,108,22289
"2014-02-19",108,108,107,108,28886
"2014-02-20",106.5,107,106,106.5,28469
"2014-02-21",107,107.5,107,107.5,31505
"2014-02-24",107.5,108,106,107,32057
"2014-02-25",107.5,108,106.5,108,34350
"2014-02-26",107.5,108,107,107.5,34982
"2014-02-27",107.5,108,107.5,108,49352
"2014-03-03",108,108,106.5,108,62467
"2014-03-04",108,108,107.5,107.5,48939
"2014-03-05",108.5,110,108.5,110,55447
"2014-03-06",110,113.5,110,113,72622
"2014-03-07",114,115,113.5,114.5,66916
"2014-03-10",114.5,114.5,112.5,113,38430
"2014-03-11",113.5,114.5,113.5,114,29182
"2014-03-12",112.5,113,112,113,18414
"2014-03-13",116.5,117.5,115.5,116.5,59080
"2014-03-14",115,115.5,114,115,47105
"2014-03-17",114.5,115,113,114,33910
"2014-03-18",114.5,115,113.5,114.5,37517
"2014-03-19",114.5,115,113.5,114.5,35237
"2014-03-20",113,113.5,112,112,46512
"2014-03-21",114,114,112,112.5,60438
"2014-03-24",111.5,112.5,111.5,112.5,29607
"2014-03-25",111.5,113.5,111.5,113.5,38070
"2014-03-26",115.5,116,114.5,115.5,45234
"2014-03-27",114.5,116,114,116,31399
"2014-03-28",116,117.5,115.5,117.5,43794
"2014-03-31",118,118.5,116.5,118.5,47146
"2014-04-01",119,119.5,118.5,119.5,40636
"2014-04-02",120.5,121,119,120,43684
"2014-04-03",118.5,119,117.5,118.5,37000
"2014-04-07",117.5,118,116.5,117.5,45254
"2014-04-08",117,119.5,117,119,43894
"2014-04-09",119.5,120,119,119,29648
"2014-04-10",119,119.5,118.5,119.5,27215
"2014-04-11",118.5,120,118,120,34847
"2014-04-14",120,121,120,120.5,31053
"2014-04-15",121.5,122.5,121,122.5,29397
"2014-04-16",121.5,122.5,121,121,51075
"2014-04-17",120.5,121.5,119,120,36418
"2014-04-18",122.5,123,121,123,32921
"2014-04-21",122,122,121,121.5,24162
"2014-04-22",121,122.5,120.5,121.5,27034
"2014-04-23",123,123,120.5,121,34358
"2014-04-24",121,121,120,121,25524
"2014-04-25",121,121,118,118.5,49438
"2014-04-28",118.5,120,117.5,119,28068
"2014-04-29",120.5,121,119,120.5,21811
"2014-04-30",120,120.5,117,118.5,44124
"2014-05-02",119,119.5,117,118,45030
"2014-05-05",117.5,118,116,117,28887
"2014-05-06",117,119,116.5,118,27525
"2014-05-07",118,119,117.5,118.5,33276
"2014-05-08",119.5,120,119,119.5,30096
"2014-05-09",120,120,119,120,23287
"2014-05-12",119.5,120,117.5,118.5,37048
"2014-05-13",120,121,119.5,120.5,24046
"2014-05-14",121,122,120.5,122,32903
"2014-05-15",121,122,120.5,122,16813
"2014-05-16",122,123,121,122,28679
"2014-05-19",122,122.5,121,121,20829
"2014-05-20",122,122,121,121,25402
"2014-05-21",122,122,120.5,120.5,24218
"2014-05-22",121.5,122,121,122,26336
"2014-05-23",121,122.5,121,122,31778
"2014-05-26",123,123.5,122,123,19854
"2014-05-27",122.5,124,122.5,123.5,18301
"2014-05-28",124,124,122.5,124,37799
"2014-05-29",123.5,124,121.5,122,43079
"2014-05-30",122,122.5,119.5,119.5,69113
"2014-06-03",120,122.5,120,122.5,40522
"2014-06-04",123.5,124,123,123.5,33486
"2014-06-05",123,123.5,121.5,123,19558
"2014-06-06",123.5,123.5,122,122.5,19282
"2014-06-09",122.5,123.5,122.5,123,19730
"2014-06-10",123,124.5,122.5,124.5,26661
"2014-06-11",124,125,123.5,125,27990
"2014-06-12",124,124,123,123.5,22300
"2014-06-13",123,123.5,122.5,123,17197
"2014-06-16",122.5,124,122.5,124,13737
"2014-06-17",124,125,123,125,20568
"2014-06-18",125,126.5,124,125.5,38103
"2014-06-19",124.5,126,124.5,126,25211
"2014-06-20",126.5,127,124,124.5,31589
"2014-06-23",125,125.5,123,123,25147
"2014-06-24",123,123.5,122,123,36234
"2014-06-25",123,124.5,123,123.5,31028
"2014-06-26",124.5,125,123.5,124.5,33938
"2014-06-27",125,126.5,124,125.5,44450
"2014-06-30",126,127,125,126.5,38191
"2014-07-01",126.5,128.5,126,128,33022
"2014-07-02",129.5,132.5,129,132.5,51623
"2014-07-03",131.5,135,130.5,134.5,41188
"2014-07-04",133.5,136,132,135,44516
"2014-07-07",134.5,136,132.5,136,32207
"2014-07-08",135.5,136,134,134.5,36299
"2014-07-09",133.5,135,133.5,134,39336
"2014-07-10",134.5,136,134.5,134.5,51132
"2014-07-11",136,138,135.5,136.5,43513
"2014-07-14",134.5,134.5,132.5,132.5,46818
"2014-07-15",133,134,132.5,133,37976
"2014-07-16",133,133.5,130,130.5,42072
"2014-07-17",125,125.5,123,124.5,138665
"2014-07-18",121.5,124,121.5,123.5,97366
"2014-07-21",124,124.5,122.5,123.5,58994
"2014-07-22",123.5,125,122.5,124.5,53307
"2014-07-24",124.5,125,124,125,66041
"2014-07-25",124.5,125,122.5,123,31609
"2014-07-28",122,122.5,121,121.5,43514
"2014-07-29",122.5,124,122,124,40749
"2014-07-30",123.5,125,123,124.5,32428
"2014-07-31",124,124,121,121,44806
"2014-08-01",120,121,119.5,120,61873
"2014-08-04",120,123.5,120,123.5,39730
"2014-08-05",122.5,122.5,119.5,119.5,61536
"2014-08-06",119,121.5,119,120.5,38043
"2014-08-07",120.5,121.5,119.5,121.5,30079
"2014-08-08",120.5,121,119.5,120.5,35170
"2014-08-11",120,121,119.5,120.5,42993
"2014-08-12",121,122,120.5,121.5,32278
"2014-08-13",121,123.5,120.5,122.5,39837
"2014-08-14",123.5,124,123,124,32955
"2014-08-15",124.5,125,123,124,19189
"2014-08-18",124,124,122.5,123,14766
"2014-08-19",124,125,123.5,124,31922
"2014-08-20",125,125.5,124.5,125.5,28975
"2014-08-21",126,126,124,124.5,23089
"2014-08-22",124.5,126,123.5,125.5,42775
"2014-08-25",125.5,126,125,125,21107
"2014-08-26",125,125.5,124,124.5,30428
"2014-08-27",125.5,126,124.5,125.5,36839
"2014-08-28",126,126,124.5,125,21759
"2014-08-29",124.5,125,124,124,28358
"2014-09-01",125,128.5,125,128.5,37523
"2014-09-02",128,128,125.5,126,20057
"2014-09-03",127,128,125.5,128,24642
"2014-09-04",128,128,126,127.5,22110
"2014-09-05",128.5,128.5,125.5,127,20128
"2014-09-09",127.5,127.5,126.5,127,24359
"2014-09-10",126,126,124,125,29718
"2014-09-11",126,126,125,125,24328
"2014-09-12",124.5,125,123,123,20299
"2014-09-15",122.5,123.5,122,123.5,19643
"2014-09-16",123,123,122,122.5,19248
"2014-09-17",123.5,125,123,124.5,24018
"2014-09-18",124.5,125,123.5,125,14791
"2014-09-19",125.5,126,125,125,30781
"2014-09-22",124,124,122,122,40658
"2014-09-23",123,123.5,122,122.5,16208
"2014-09-24",122,124,122,123,28552
"2014-09-25",123,124,121.5,122,23840
"2014-09-26",121,121.5,120.5,121,25408
"2014-09-29",122,122,120,120.5,55071
"2014-09-30",120,121,119,120,52027
"2014-10-01",120,122,120,121.5,42581
"2014-10-02",121,122.5,120.5,121,30795
"2014-10-03",122.5,125,122,124.5,52042
"2014-10-06",125,126,124,126,39292
"2014-10-07",125,125.5,123.5,125,40188
"2014-10-08",123.5,125,122.5,122.5,30938
"2014-10-09",124,125,123.5,125,37115
"2014-10-13",119,121.5,118,120.5,77985
"2014-10-14",120,121.5,119.5,121,31887
"2014-10-15",121.5,123,121,121.5,50496
"2014-10-16",121.5,124,120,121.5,46431
"2014-10-17",125,125.5,123.5,123.5,92077
"2014-10-20",125,126,124.5,126,38619
"2014-10-21",126,126,124.5,125,25647
"2014-10-22",127.5,129,127.5,129,65855
"2014-10-23",128,128.5,127.5,127.5,28085
"2014-10-24",127,127.5,125,125.5,42161
"2014-10-27",126.5,128,126.5,128,25145
"2014-10-28",129,129.5,127.5,128,35018
"2014-10-29",129,129.5,128,129,34860
"2014-10-30",128.5,129,127,128.5,35723
"2014-10-31",128,130.5,127.5,130.5,42413
"2014-11-03",132,132.5,130.5,131,45307
"2014-11-04",132,132,131,132,32566
"2014-11-05",131.5,132,131,132,22638
"2014-11-06",132.5,132.5,131.5,132,28559
"2014-11-07",131.5,131.5,130.5,131,17385
"2014-11-10",132.5,134.5,132,134.5,43174
"2014-11-11",135,135,133,134,20484
"2014-11-12",134.5,134.5,131.5,132,27434
"2014-11-13",133.5,134.5,132.5,134,25055
"2014-11-14",134,135,133.5,135,24361
"2014-11-17",135,135.5,132.5,133,24772
"2014-11-18",134,134.5,131,131.5,43227
"2014-11-19",133,136.5,132.5,136,71400
"2014-11-20",137.5,139,137,139,44216
"2014-11-21",139.5,139.5,137.5,138.5,30621
"2014-11-24",140,140.5,138,138.5,33408
"2014-11-25",138.5,140,138.5,139,42940
"2014-11-26",138.5,139,138,139,23201
"2014-11-27",140,142,140,140,26580
"2014-11-28",139,141.5,139,141.5,36077
"2014-12-01",139,142,138.5,140,50115
"2014-12-02",139.5,139.5,137.5,137.5,54781
"2014-12-03",137.5,139,136.5,138,40184
"2014-12-04",139,140,138.5,139,28276
"2014-12-05",138.5,139.5,137,137.5,29431
"2014-12-08",138,138.5,137,138,19854
"2014-12-09",138,139,137.5,138,31926
"2014-12-10",138,139,136,136,39845
"2014-12-11",135,136,134.5,134.5,41669
"2014-12-12",135,136,134.5,135,31504
"2014-12-15",134.5,136.5,134.5,136,45196
"2014-12-16",134.5,135.5,133,133,41273
"2014-12-17",133,133,130,130.5,84670
"2014-12-18",132,133,131,131.5,51896
"2014-12-19",134.5,138,134,138,44591
"2014-12-22",137.5,140,137,138.5,34995
"2014-12-23",139,140,137,137.5,19157
"2014-12-24",136,138,136,138,16722
"2014-12-25",137,138,137,137.5,7392
"2014-12-26",138,139,137,139,13183
"2014-12-27",139,139,137.5,138.5,4823
"2014-12-29",138,141,138,141,35075
"2014-12-30",141,141.5,139,140,23590
"2014-12-31",139,141,139,141,18351
"2015-01-05",140.5,140.5,137.5,139.5,32214
"2015-01-06",137.5,137.5,133,133.5,67649
"2015-01-07",133.5,135,133.5,134,43886
"2015-01-08",136.5,138,136,138,42551
"2015-01-09",135,135.5,133,134,61920
"2015-01-12",132.5,133.5,132,132,30402
"2015-01-13",131,133,130.5,132.5,38093
"2015-01-14",132.5,133,130,130,49447
"2015-01-15",131.5,133,131.5,131.5,40996
"2015-01-16",140,140,136,137,129035
"2015-01-19",138.5,139.5,137.5,139,50175
"2015-01-20",139,139,137.5,138,33795
"2015-01-21",139.5,141,139.5,141,77292
"2015-01-22",141.5,142,139.5,140,45654
"2015-01-23",142.5,145,142.5,145,82359
"2015-01-26",145.5,145.5,143.5,145,46941
"2015-01-27",145.5,147,144.5,147,53362
"2015-01-28",146.5,147,145.5,146.5,48373
"2015-01-29",144,145,143,143.5,36887
"2015-01-30",145,145.5,141,141,44413
"2015-02-02",140.5,143,140.5,142.5,30382
"2015-02-03",143,144.5,142,144.5,27234
"2015-02-04",144.5,146.5,144,146,43152
"2015-02-05",145.5,146,143.5,145.5,25327
"2015-02-06",145.5,145.5,143,143,28668
"2015-02-09",143,143.5,141.5,142,26650
"2015-02-10",142,143,141.5,142.5,33452
"2015-02-11",146,149,146,148,71429
"2015-02-12",149.5,149.5,147.5,148.5,35027
"2015-02-13",148.5,150,148,148.5,38571
"2015-02-24",149,152,148.5,151,74443
"2015-02-25",152.5,154.5,152.5,154.5,48326
"2015-02-26",153.5,154,150.5,150.5,58406
"2015-03-02",151.5,153,148.5,149,41706
"2015-03-03",150,151,148.5,150.5,29205
"2015-03-04",150,151.5,149,150.5,32781
"2015-03-05",150,151,148.5,150,29851
"2015-03-06",149,149.5,148.5,149,33211
"2015-03-09",147.5,147.5,145,145.5,67545
"2015-03-10",145,145,144,144,46859
"2015-03-11",143.5,148,143,146,51828
"2015-03-12",147,148.5,146.5,148,32364
"2015-03-13",148,149.5,147,149,46407
"2015-03-16",149,149.5,146,146,37462
"2015-03-17",148.5,150,148.5,149,55770
"2015-03-18",151,154,150,153.5,71220
"2015-03-19",152.5,155,152.5,154,43512
"2015-03-20",151.5,154,151.5,154,38594
"2015-03-23",154,154,152.5,153.5,26369
"2015-03-24",153.5,153.5,151.5,151.5,38207
"2015-03-25",152,152.5,150.5,151,50140
"2015-03-26",145.5,147,144.5,145.5,162835
"2015-03-27",144,145.5,142.5,142.5,112919
"2015-03-30",142.5,144,142,142.5,64898
"2015-03-31",144,145.5,143,145.5,56918
"2015-04-01",145,145,143.5,144,39056
"2015-04-02",145,148,144.5,147,52174
"2015-04-07",146.5,147.5,145,146,34901
"2015-04-08",145.5,146,143,143,49474
"2015-04-09",144,145.5,143,143,47243
"2015-04-10",146,147,145,147,33908
"2015-04-13",146.5,147.5,146,147,26427
"2015-04-14",145,145.5,143.5,144,41702
"2015-04-15",143.5,144.5,141.5,143,71626
"2015-04-16",145,147,144.5,147,55563
"2015-04-17",143,144,142.5,142.5,79007
"2015-04-20",142,144,141.5,143,43593
"2015-04-21",142,143.5,141.5,142.5,40892
"2015-04-22",143.5,145,143,143.5,40631
"2015-04-23",145.5,147,145,147,47851
"2015-04-24",149,152.5,148.5,152.5,135458
"2015-04-27",153,153,150,151.5,58112
"2015-04-28",153.5,153.5,150.5,151.5,43295
"2015-04-29",150,151,148,148.5,37440
"2015-04-30",147,148.5,146.5,147,48982
"2015-05-04",148.5,148.5,146,147.5,30868
"2015-05-05",147.5,148,146,147,27789
"2015-05-06",145.5,148,145.5,147.5,18824
"2015-05-07",146,147.5,146,146.5,21908
"2015-05-08",146,147.5,146,146.5,20035
"2015-05-11",149,149,147,148.5,20402
"2015-05-12",147,148.5,147,147.5,24956
"2015-05-13",147.5,149,147,148,19437
"2015-05-14",148,148.5,146,146,39888
"2015-05-15",147,147,145,146.5,24831
"2015-05-18",147,147,145,146.5,26212
"2015-05-19",145.5,147.5,145,146.5,26321
"2015-05-20",146.5,147,146,146.5,26984
"2015-05-21",146,146.5,144.5,145.5,41286
"2015-05-22",146,147,145,145.5,22103
"2015-05-25",146.5,147.5,145.5,147.5,16323
"2015-05-26",148.5,148.5,146.5,146.5,16069
"2015-05-27",145.5,147,145,145,24257
"2015-05-28",147,147.5,146,147,36704
"2015-05-29",147,147.5,145.5,146,61983
"2015-06-01",145.5,146,144,145,31646
"2015-06-02",144.5,144.5,143.5,144,33433
"2015-06-03",143.5,144.5,143,143,30174
"2015-06-04",142,142.5,140,141,62313
"2015-06-05",139.5,140.5,139,140,42846
"2015-06-08",139.5,140,138.5,138.5,45637
"2015-06-09",138.5,140,138,139,31663
"2015-06-10",141,141.5,139.5,139.5,37243
"2015-06-11",141,144,141,143.5,46455
"2015-06-12",144,144.5,142.5,144.5,35243
"2015-06-15",144.5,144.5,142.5,143,23775
"2015-06-16",143,143,141,142,28696
"2015-06-17",143,143.5,142,142.5,31675
"2015-06-18",142,143,142,142,28627
"2015-06-22",142,143.5,142,142,29598
"2015-06-23",143,145,142.5,144.5,37809
"2015-06-24",144.5,145,143.5,145,21134
"2015-06-25",145,147,145,146.5,45571
"2015-06-26",147,147.5,145.5,146,34170
"2015-06-29",140.5,141,138.5,138.5,53096
"2015-06-30",139,140.5,138.5,140.5,45375
"2015-07-01",140,142.5,139,141,33330
"2015-07-02",140.5,142,140.5,141.5,24309
"2015-07-03",141.5,142.5,140,142.5,17091
"2015-07-06",141,141.5,140.5,140.5,20683
"2015-07-07",141,142,140.5,140.5,26545
"2015-07-08",140.5,141,138,138,52066
"2015-07-09",134,138,134,136.5,53784
"2015-07-13",137,139.5,137,138.5,35404
"2015-07-14",139.5,140.5,138,138.5,27574
"2015-07-15",139,139.5,138,138.5,23485
"2015-07-16",140,140,135.5,136.5,37250
"2015-07-17",138,140,138,140,55848
"2015-07-20",141.5,142,138.5,139,27906
"2015-07-21",141,141.5,139.5,140.5,21857
"2015-07-22",139,139.5,138,139,27408
"2015-07-23",137,137.5,136,136,38176
"2015-07-24",138,138,136,137,39062
"2015-07-27",135,135.5,134,134,45080
"2015-07-28",135,136.5,134,134,35777
"2015-07-29",135,136,134.5,135.5,30500
"2015-07-30",136,139,136,138.5,37085
"2015-07-31",140.5,140.5,137.5,139.5,40479
"2015-08-03",138.5,138.5,134.5,134.5,33815
"2015-08-04",135,136.5,134.5,136.5,27514
"2015-08-05",135.5,135.5,134,134,28577
"2015-08-06",136,136,132,134,39658
"2015-08-07",133,133.5,131.5,133,30591
"2015-08-10",131,131,125.5,129,65582
"2015-08-11",133.5,133.5,130.5,130.5,65988
"2015-08-12",129.5,130,127.5,128.5,45838
"2015-08-13",129,130,127.5,128,43697
"2015-08-14",128,128.5,125,126,40366
"2015-08-17",125.5,125.5,123,124,38956
"2015-08-18",125,126.5,125,126,41823
"2015-08-19",127.5,127.5,124,125,47213
"2015-08-20",124.5,126,123.5,126,38767
"2015-08-21",123,124.5,121,121,67341
"2015-08-24",120,121,112.5,115,118882
"2015-08-25",118,124,117.5,123.5,99479
"2015-08-26",121,124.5,119.5,122.5,65899
"2015-08-27",125,125,122,124,53549
"2015-08-28",127,127,124.5,125,41879
"2015-08-31",126,129,123.5,129,57088
"2015-09-01",127.5,127.5,124,124,42394
"2015-09-02",123,127,123,125.5,37232
"2015-09-03",127.5,127.5,125,127,24054
"2015-09-04",126.5,127,123.5,125,23047
"2015-09-07",124.5,126,122,122.5,26152
"2015-09-08",122.5,123.5,122,123,15112
"2015-09-09",126.5,129,126.5,129,53969
"2015-09-10",127,128,125,125,34029
"2015-09-11",125.5,127.5,124,127.5,24548
"2015-09-14",128,129,126,127.5,25582
"2015-09-15",127.5,128,125.5,126,22223
"2015-09-16",128,130,127.5,129.5,44137
"2015-09-17",130.5,131.5,130,131,52529
"2015-09-18",129.5,131.5,129,131.5,32590
"2015-09-21",130,130,128.5,129.5,35271
"2015-09-22",130,130,128.5,129,18378
"2015-09-23",127,127.5,124.5,124.5,35523
"2015-09-24",127,128,125.5,127,44708
"2015-09-25",127,127.5,125,127,24688
"2015-09-30",128,131,127,130,76377
"2015-10-01",131,134,129.5,133.5,53400
"2015-10-02",132.5,132.5,131.5,132,25252
"2015-10-05",133,133.5,131.5,132.5,30895
"2015-10-06",135,135.5,132.5,133,49925
"2015-10-07",133.5,135,133,135,32541
"2015-10-08",137,137,135,136,32054
"2015-10-12",137,139,136.5,138.5,51617
"2015-10-13",138.5,138.5,136,137.5,37227
"2015-10-14",136.5,137.5,136,136.5,65521
"2015-10-15",139,141,139,140,73316
"2015-10-16",137,137.5,136,137.5,37189
"2015-10-19",138.5,139,137,138,26173
"2015-10-20",139,139,137.5,139,28795
"2015-10-21",139.5,140,137.5,138.5,20006
"2015-10-22",138,138.5,137,137.5,15168
"2015-10-23",140,140.5,139,140,35666
"2015-10-26",140.5,140.5,139,140,24412
"2015-10-27",138.5,140,137.5,139,26557
"2015-10-28",137,139,137,138,22557
"2015-10-29",139,139.5,136.5,136.5,20463
"2015-10-30",137,137.5,136,136.5,28293
"2015-11-02",138.5,138.5,135.5,137.5,22789
"2015-11-03",138.5,140,138,139.5,36442
"2015-11-04",141.5,144.5,141,144.5,75685
"2015-11-05",144,144.5,142.5,142.5,37827
"2015-11-06",144,144,139,140,51889
"2015-11-09",141,143,140.5,142,24863
"2015-11-10",141.5,141.5,139,139.5,23336
"2015-11-11",140.5,140.5,136.5,137.5,29463
"2015-11-12",138.5,139,138,138.5,16485
"2015-11-13",137.5,139,136,136,22956
"2015-11-16",134,135.5,134,135,32132
"2015-11-17",138,140,137.5,138.5,28224
"2015-11-18",139.5,140,136.5,137,29455
"2015-11-19",138.5,140.5,138,140.5,28723
"2015-11-20",140.5,141,140,141,21649
"2015-11-23",141,141.5,140,141,20543
"2015-11-24",140,141.5,139.5,139.5,23245
"2015-11-25",139.5,141,138.5,141,34540
"2015-11-26",141,142.5,140,142.5,32927
"2015-11-27",143,143,139,139,26742
"2015-11-30",136.5,139,136,139,110350
"2015-12-01",140.5,142.5,138.5,142.5,48931
"2015-12-02",144,144,142,142.5,31767
"2015-12-03",141.5,143,141.5,142.5,28204
"2015-12-04",141,142.5,140.5,140.5,31780
"2015-12-07",142,144.5,142,143.5,41097
"2015-12-08",143.5,144,141,142.5,34037
"2015-12-09",142,142,140.5,140.5,30640
"2015-12-10",140.5,141.5,139,141,41487
"2015-12-11",141,142,139,139.5,32030
"2015-12-14",137.5,139.5,137.5,139,37666
"2015-12-15",139.5,140.5,138,138,27973
"2015-12-16",142,144,141,143.5,58669
"2015-12-17",144.5,145,143,145,34710
"2015-12-18",143,145,142,142,41615
"2015-12-21",141.5,142.5,140.5,141.5,26939
"2015-12-22",141,142,140.5,142,17209
"2015-12-23",141,143,140.5,141.5,18152
"2015-12-24",143,143.5,142,142,13495
"2015-12-25",142,143.5,142,143,6168
"2015-12-28",143.5,144,143,143.5,10831
"2015-12-29",143.5,144,141.5,142,12968
"2015-12-30",142.5,144,142,142.5,14713
"2015-12-31",142,144,141,143,18677
"2016-01-04",142.5,143.5,139,139.5,43800
"2016-01-05",139,140,137,138,46502
"2016-01-06",138,138,135,135.5,53873
"2016-01-07",134.5,135,130.5,133,63475
"2016-01-08",132,135,132,134,52641
"2016-01-11",133,134.5,130.5,133,48536
"2016-01-12",133,134,131.5,133,35133
"2016-01-13",133.5,135.5,133,133.5,50237
"2016-01-14",130.5,132,130.5,131.5,39498
"2016-01-15",137.5,138,135.5,137,79648
"2016-01-18",135,138,134.5,137,37008
"2016-01-19",137.5,138,136,138,24995
"2016-01-20",137.5,137.5,133.5,134.5,44423
"2016-01-21",134,136.5,134,135,31957
"2016-01-22",136.5,138.5,136,138.5,33926
"2016-01-25",140,140,139,139.5,27213
"2016-01-26",137.5,139,137,137.5,24102
"2016-01-27",139,139.5,138.5,139.5,24547
"2016-01-28",138,140.5,138,140,37913
"2016-01-29",138.5,143,138,143,57557
"2016-01-30",142.5,143,141,142,11865
"2016-02-01",144,144,141.5,144,43828
"2016-02-02",144,144.5,141.5,142.5,25400
"2016-02-03",145,146,144.5,146,71652
"2016-02-15",142,146.5,142,145,77064
"2016-02-16",146,148,145.5,147.5,56361
"2016-02-17",149,149,147,148,38486
"2016-02-18",150,151,149.5,151,61877
"2016-02-19",149,151,149,151,37444
"2016-02-22",149.5,152.5,149.5,151,29751
"2016-02-23",150.5,151,149,149.5,22500
"2016-02-24",149.5,150.5,147,148,22082
"2016-02-25",149,151,148.5,150.5,25233
"2016-02-26",151,151.5,148,149,46425
"2016-03-01",148.5,152,148.5,152,44046
"2016-03-02",154,154.5,153,153,36101
"2016-03-03",154,154.5,153,154,28867
"2016-03-04",153,153.5,151.5,152.5,37794
"2016-03-07",152.5,153.5,151,152,24052
"2016-03-08",151,152,149.5,152,40643
"2016-03-09",152,153,150.5,153,24634
"2016-03-10",153,154.5,151.5,154.5,31343
"2016-03-11",154.5,155,153,155,31297
"2016-03-14",156.5,157.5,155.5,156,32987
"2016-03-15",155,156.5,153,154.5,29437
"2016-03-16",155.5,156,154,156,31126
"2016-03-17",159.5,160,157.5,158.5,52228
"2016-03-18",158.5,159.5,158.5,159.5,57866
"2016-03-21",160,160,158,160,27687
"2016-03-22",159.5,159.5,157,158.5,29303
"2016-03-23",158.5,159.5,158,159.5,29439
"2016-03-24",158,159,157,158.5,25198
"2016-03-25",158.5,159,157,158,10970
"2016-03-28",158,159,157,159,15857
"2016-03-29",158.5,159.5,158,159,19152
"2016-03-30",158.5,162,158.5,161.5,46113
"2016-03-31",162,163,159,162,54094
"2016-04-01",161,161,157.5,158.5,34544
"2016-04-06",155.5,156,153.5,153.5,63133
"2016-04-07",155,155,152.5,154.5,35933
"2016-04-08",154,158,154,157.5,42324
"2016-04-11",156,159,155.5,158.5,23189
"2016-04-12",157.5,159.5,157.5,158.5,14877
"2016-04-13",160,162,159.5,161.5,40333
"2016-04-14",162,162.5,160,161.5,31377
"2016-04-15",157,160,156,159.5,50339
"2016-04-18",158,158.5,157.5,158,20876
"2016-04-19",160,161,157,157.5,27622
"2016-04-20",157.5,158,154,154,43418
"2016-04-21",156,157,154,157,30419
"2016-04-22",155.5,158,155,156.5,29237
"2016-04-25",156.5,157.5,156,157.5,14669
"2016-04-26",156.5,158.5,156.5,158,18539
"2016-04-27",156,157.5,155.5,156.5,36967
"2016-04-28",157.5,158,153,153,49282
"2016-04-29",151,151,149,150,75959
"2016-05-03",148,148.5,146.5,147.5,68909
"2016-05-04",147,149,146.5,147,55586
"2016-05-05",147.5,148.5,146,147.5,40687
"2016-05-06",148.5,148.5,147,148,39401
"2016-05-09",148.5,149,146.5,147.5,39783
"2016-05-10",147,148,146.5,147,39210
"2016-05-11",148.5,149,146.5,147,45610
"2016-05-12",147,148,146,146,24008
"2016-05-13",145,145.5,143,144,60713
"2016-05-16",143,145.5,143,144.5,32239
"2016-05-17",145.5,147,145,147,32716
"2016-05-18",146,147,145,147,31106
"2016-05-19",148,148.5,145.5,147,35192
"2016-05-20",147.5,149.5,147,148.5,38046
"2016-05-23",150.5,154.5,149.5,154,50174
"2016-05-24",152.5,153.5,151,151,25677
"2016-05-25",153.5,155,152.5,154.5,35410
"2016-05-26",154.5,155,153.5,155,18822
"2016-05-27",156,156.5,154.5,156.5,26617
"2016-05-30",157,158,155,157,38311
"2016-05-31",156.5,157.5,155,156.5,70177
"2016-06-01",156,159,156,159,27743
"2016-06-02",159,160,158,159,21999
"2016-06-03",159,160.5,159,160.5,32020
"2016-06-04",160,160,159.5,160,2631
"2016-06-06",161,162,160,161,28898
"2016-06-07",161.5,163.5,161,162,47573
"2016-06-08",164,166,163.5,165.5,45587
"2016-06-13",161,162.5,161,162,54689
"2016-06-14",161,163,161,162,27823
"2016-06-15",162,163,161,163,29328
"2016-06-16",161.5,162.5,159.5,160.5,36957
"2016-06-17",162.5,164.5,162,163,31326
"2016-06-20",164.5,165,163,163,24949
"2016-06-21",164,165.5,163.5,165.5,28042
"2016-06-22",164.5,166,163.5,166,30409
"2016-06-23",165.5,166,164,164,22592
"2016-06-24",164,164,154.5,159,86994
"2016-06-27",154.5,156,154,155.5,43401
"2016-06-28",155.5,157.5,155,157,39095
"2016-06-29",158.5,160,158,159,32131
"2016-06-30",161,163,159.5,162.5,42854
"2016-07-01",164.5,166,163.5,166,36577
"2016-07-04",165.5,166.5,164.5,166,25968
"2016-07-05",165,165.5,164,164,16422
"2016-07-06",163,163,160.5,161.5,35100
"2016-07-07",163.5,165,163,164.5,24442
"2016-07-11",170,170.5,168.5,170,53434
"2016-07-12",171,171.5,169.5,171,42128
"2016-07-13",169.5,170,167,168.5,51719
"2016-07-14",167,170,167,169,36131
"2016-07-15",168,169.5,166.5,169.5,41822
"2016-07-18",168,170,168,169.5,24774
"2016-07-19",170.5,170.5,169,170.5,43707
"2016-07-20",170,170.5,169,170,39076
"2016-07-21",171,172,170,172,35220
"2016-07-22",172,172,170.5,171,29804
"2016-07-25",172,173,169,171.5,27180
"2016-07-26",172,173,171.5,173,32736
"2016-07-27",175,176,174.5,175,36108
"2016-07-28",175,176.5,173,176.5,31138
"2016-07-29",177,177,172.5,172.5,30008
"2016-08-01",175,177,174.5,177,34703
"2016-08-02",177.5,177.5,175.5,176,15366
"2016-08-03",172.5,174,172,172.5,21652
"2016-08-04",173,174.5,172.5,174.5,14292
"2016-08-05",175,177.5,174,177,25803
"2016-08-08",178,178,176.5,178,16241
"2016-08-09",178.5,179.5,177,178.5,16443
"2016-08-10",179,179.5,178,179.5,19307
"2016-08-11",177.5,178,175.5,176.5,28216
"2016-08-12",178.5,178.5,177,177.5,23986
"2016-08-15",178.5,179,177.5,179,13660
"2016-08-16",178,179,175,175.5,34284
"2016-08-17",177,177.5,176,177,24169
"2016-08-18",176,176.5,175,176,27899
"2016-08-19",177,177.5,174,174.5,23496
"2016-08-22",173,174,171.5,173,21822
"2016-08-23",174,175,173.5,174,21467
"2016-08-24",175,175.5,173.5,173.5,12532
"2016-08-25",175,177,174.5,177,23973
"2016-08-26",175,177,175,177,15804
"2016-08-29",175,177,174,176.5,16967
"2016-08-30",176,176.5,174,174.5,19752
"2016-08-31",176.5,177,174.5,176,42461
"2016-09-01",176,176,173,173.5,26101
"2016-09-02",176.5,176.5,174,174.5,19489
"2016-09-05",176.5,177.5,176.5,176.5,27982
"2016-09-06",177,179,176.5,179,29646
"2016-09-07",180.5,185,180,184,50851
"2016-09-08",182.5,184.5,182.5,183,30307
"2016-09-09",181,181,179.5,179.5,30635
"2016-09-10",177,179,176,178,15470
"2016-09-12",177.5,177.5,174,175,42751
"2016-09-13",176.5,176.5,173.5,175,38438
"2016-09-14",174,176,173.5,173.5,52966
"2016-09-19",179.5,183,178.5,182.5,57296
"2016-09-20",182,183.5,181.5,183,23647
"2016-09-21",181,184,180.5,184,26261
"2016-09-22",185,185.5,183.5,185.5,21213
"2016-09-23",185,187.5,184.5,187.5,23141
"2016-09-26",183.5,185,183,183,25218
"2016-09-29",185.5,187.5,185.5,185.5,57778
"2016-09-30",185.5,186.5,182.5,182.5,45163
"2016-10-03",186,186.5,184.5,186,18987
"2016-10-04",185,187,185,187,17139
"2016-10-05",186,186,184.5,186,19144
"2016-10-06",185,187.5,185,187.5,15715
"2016-10-07",188,188,186,188,15870
"2016-10-11",191,191,186,187.5,31107
"2016-10-12",186.5,190,186,189.5,24592
"2016-10-13",190.5,191,187,188.5,40728
"2016-10-14",187,189,186.5,188,34340
"2016-10-17",186.5,187.5,185,186.5,37878
"2016-10-18",186.5,187,185.5,187,40651
"2016-10-19",187.5,189.5,187.5,189.5,38143
"2016-10-20",189.5,190.5,189,190.5,15736
"2016-10-21",191,192,188.5,188.5,22316
"2016-10-24",191,191,189.5,191,14381
"2016-10-25",192,193,191,193,19145
"2016-10-26",190.5,192.5,190.5,191.5,24885
"2016-10-27",191.5,191.5,188.5,188.5,26883
"2016-10-28",189.5,190,188.5,189.5,33106
"2016-10-31",189,190.5,186.5,188.5,25830
"2016-11-01",188.5,189.5,187.5,189.5,15128
"2016-11-02",187.5,188,186,186,16529
"2016-11-03",185.5,186.5,184.5,184.5,25531
"2016-11-04",184.5,186,184,184.5,15107
"2016-11-07",186.5,189,186,189,21430
"2016-11-08",190,190,188,188.5,15954
"2016-11-09",190,190.5,182,182,55579
"2016-11-10",187,188,185.5,185.5,38869
"2016-11-11",181.5,183,181,181.5,67636
"2016-11-14",181,182,180,180.5,48032
"2016-11-15",179.5,182,179,180,33528
"2016-11-16",180.5,183,180,180,35293
"2016-11-17",182,182.5,180.5,181.5,23256
"2016-11-18",181.5,181.5,180,181,23731
"2016-11-21",180.5,181.5,180,181,15622
"2016-11-22",182,185,181.5,184,31348
"2016-11-23",184.5,186.5,184,185.5,23068
"2016-11-24",184,185,183,183,19098
"2016-11-25",182.5,183.5,182,182,10226
"2016-11-28",181.5,184,181.5,184,22360
"2016-11-29",183.5,185,182,182,26894
"2016-11-30",181.5,183,181.5,183,54053
"2016-12-01",182,183,181.5,183,13923
"2016-12-02",179,179.5,178,178,53946
"2016-12-05",178,180,178,179,32249
"2016-12-06",181,183,180.5,182,27728
"2016-12-07",183,183.5,181.5,181.5,14529
"2016-12-08",184,185.5,183,185.5,27276
"2016-12-09",186,186,184.5,186,24890
"2016-12-12",186,187,184,185,18817
"2016-12-13",186.5,186.5,184.5,186,23692
"2016-12-14",186.5,187.5,185.5,187.5,16768
"2016-12-15",185,187.5,184.5,187,24244
"2016-12-16",185.5,187,185,185,36266
"2016-12-19",184,184.5,182.5,182.5,20553
"2016-12-20",181,182.5,180,182.5,24243
"2016-12-21",181,182,180,180,32234
"2016-12-22",180,180.5,179,179,26509
"2016-12-23",179,180,178.5,178.5,24376
"2016-12-26",179,180,179,179.5,5694
"2016-12-27",180,180.5,179.5,180,8276
"2016-12-28",181,182,180.5,182,21441
"2016-12-29",180,181.5,180,180,30211
"2016-12-30",181,182.5,180,181.5,36748
"2017-01-03",181.5,183.5,181,183,23550
"2017-01-04",183,184,181.5,183,24482
"2017-01-05",182,183.5,181.5,183.5,21373
"2017-01-06",184,184.5,183.5,184,23120
"2017-01-09",184,185,183,184,18583
"2017-01-10",184.5,185.5,183.5,184,20691
"2017-01-11",185,185,181.5,182,29747
"2017-01-12",182.5,185.5,182.5,184.5,48599
"2017-01-13",180.5,182.5,180.5,181.5,53089
"2017-01-16",180,180.5,179,179.5,30878
"2017-01-17",180.5,181,179.5,181,13207
"2017-01-18",180.5,181,179.5,181,23810
"2017-01-19",179.5,181,179.5,180.5,25935
"2017-01-20",181,181.5,180.5,181,42317
"2017-01-23",182.5,185,182.5,185,58299
"2017-01-24",185,186.5,184.5,185.5,72014
"2017-02-02",188,188.5,184,184.5,153703
"2017-02-03",186,186,183.5,184.5,30387
"2017-02-06",184.5,185.5,184,184.5,29702
"2017-02-07",183.5,185,183,184.5,23981
"2017-02-08",183.5,184.5,183,183.5,45607
"2017-02-09",184,185.5,183.5,184,23419
"2017-02-10",184.5,185.5,184,185.5,49257
"2017-02-13",186.5,188,186.5,187.5,26155
"2017-02-14",189,190,187.5,187.5,46716
"2017-02-15",187,189.5,186.5,189,39928
"2017-02-16",190,190.5,188,189,28371
"2017-02-17",190,190.5,189,189.5,20407
"2017-02-18",190,190.5,189.5,189.5,3517
"2017-02-20",190,190.5,189.5,190,13280
"2017-02-21",190,190,188.5,190,31987
"2017-02-22",190.5,191,188.5,188.5,26144
"2017-02-23",188,189.5,187,188.5,36095
"2017-02-24",187.5,190.5,187.5,189,26177
"2017-03-01",188.5,188.5,186,186,48263
"2017-03-02",188,188.5,185,186,40879
"2017-03-03",184.5,185,184,184,28213
"2017-03-06",184,184.5,183.5,183.5,12633
"2017-03-07",184,185.5,184,185.5,22816
"2017-03-08",186,188,185.5,187,38657
"2017-03-09",185.5,186,184,184.5,31119
"2017-03-10",184,184.5,183,183.5,24886
"2017-03-13",185,186.5,185,186.5,11025
"2017-03-14",188,188,186,186,24373
"2017-03-15",185.5,187,185.5,186.5,14147
"2017-03-16",188,190,188,190,32452
"2017-03-17",189.5,191.5,189,191.5,38698
"2017-03-20",191.5,191.5,189.5,191.5,16531
"2017-03-21",192,195,191.5,195,33662
"2017-03-22",192.5,193.5,191.5,193.5,27766
"2017-03-23",192,193.5,192,193.5,18831
"2017-03-24",192,193,192,192.5,17722
"2017-03-27",194.5,194.5,192,193,29867
"2017-03-28",195,195,192.5,194.5,39522
"2017-03-29",194.5,194.5,191,191.5,33839
"2017-03-30",192.5,193,190.5,191.5,30716
"2017-03-31",191,192,189,189,33996
"2017-04-05",189.5,193,189.5,193,45116
"2017-04-06",193,193,191,191.5,17417
"2017-04-07",192,192,188.5,191,19066
"2017-04-10",191,191.5,189.5,190,17388
"2017-04-11",190,191,189,191,9788
"2017-04-12",190.5,191.5,190,191,17418
"2017-04-13",189.5,192,189.5,191.5,14796
"2017-04-14",189.5,189.5,188,189,31317
"2017-04-17",189,189,187.5,187.5,17111
"2017-04-18",188,189.5,187.5,188,28732
"2017-04-19",187.5,187.5,186.5,186.5,31171
"2017-04-20",186.5,188,186.5,187,32697
"2017-04-21",187.5,190,187.5,190,19034
"2017-04-24",191,191.5,188.5,190,29572
"2017-04-25",190.5,192,189.5,192,31952
"2017-04-26",192,192,190.5,191,31119
"2017-04-27",192,193,190.5,193,35812
"2017-04-28",193.5,194.5,193,194.5,38381
"2017-05-02",198.5,199,195.5,196.5,45851
"2017-05-03",198,198.5,197,198,27240
"2017-05-04",198.5,199,197,198,22194
"2017-05-05",197,198.5,197,197.5,17618
"2017-05-08",199,202.5,199,202.5,39591
"2017-05-09",205.5,207,203.5,203.5,48285
"2017-05-10",204,206,204,205.5,31075
"2017-05-11",204.5,208.5,204,207.5,44286
"2017-05-12",205,207,205,206,25507
"2017-05-15",204,206,204,206,25922
"2017-05-16",205,205,203.5,204.5,36604
"2017-05-17",203,204,203,204,22606
"2017-05-18",202.5,204,201.5,203.5,22490
"2017-05-19",203.5,204.5,202.5,203,17163
"2017-05-22",203.5,205,203,205,17419
"2017-05-23",205,207,204.5,205,23028
"2017-05-24",205,206,205,205.5,18307
"2017-05-25",206,207,205.5,207,26088
"2017-05-26",205,207,205,207,32976
"2017-05-31",206.5,207,203,203,67935
"2017-06-01",205,207,204.5,207,29623
"2017-06-02",208.5,209,207.5,209,23265
"2017-06-03",209,209,208,209,1535
"2017-06-05",209.5,212,209,212,22545
"2017-06-06",210.5,211.5,210.5,210.5,15382
"2017-06-07",212,212.5,210,211.5,34729
"2017-06-08",212,213,211.5,213,21654
"2017-06-09",214.5,215,212,212,35190
"2017-06-12",207,210,207,207.5,63111
"2017-06-13",207,208.5,206.5,208,49983
"2017-06-14",208.5,209.5,206,207,39083
"2017-06-15",207.5,208,207,208,19486
"2017-06-16",207.5,212,207,211.5,32856
"2017-06-19",211,213,210.5,213,17489
"2017-06-20",215,218,214.5,216.5,28784
"2017-06-21",216,217,214.5,215.5,45384
"2017-06-22",217,218,216.5,218,26094
"2017-06-23",218,218.5,217,217,39686
"2017-06-26",212,215,212,215,60140
"2017-06-27",214,214,211,211.5,44504
"2017-06-28",209.5,210,208,208.5,52273
"2017-06-29",210.5,210.5,208.5,210,27049
"2017-06-30",206.5,208.5,206.5,208.5,31709
"2017-07-03",207.5,209,207,209,21066
"2017-07-04",208,208.5,207,207,21592
"2017-07-05",207,208.5,206.5,208.5,23463
"2017-07-06",208,208.5,207,207.5,15260
"2017-07-07",207,207.5,205.5,206,21567
"2017-07-10",206.5,207,206,206,13326
"2017-07-11",208,212,207.5,212,34593
"2017-07-12",211,212.5,210.5,210.5,26887
"2017-07-13",212,216,211.5,214.5,50136
"2017-07-14",213,214.5,212,213,22364
"2017-07-17",215,215.5,211.5,213,21400
"2017-07-18",213,214,212,214,18756
"2017-07-19",212.5,215,212.5,214.5,20661
"2017-07-20",215,215.5,214,215.5,20795
"2017-07-21",214,215,213.5,214,15422
"2017-07-24",213.5,214.5,213,214.5,20002
"2017-07-25",214,214.5,213.5,214,13853
"2017-07-26",215,215,212.5,213,15900
"2017-07-27",213.5,216,213.5,215.5,23045
"2017-07-28",213,214,212.5,213,21121
"2017-07-31",211.5,214.5,211.5,214.5,20363
"2017-08-01",212.5,214,212,212,20314
"2017-08-02",214,216,214,216,30528
"2017-08-03",213,214,212.5,213.5,27097
"2017-08-04",213.5,214,212.5,213,22187
"2017-08-07",213.5,216.5,213.5,216,21594
"2017-08-08",217.5,219,216,217.5,25223
"2017-08-09",215,215.5,213.5,214.5,28129
"2017-08-10",215.5,215.5,212.5,214,27440
"2017-08-11",211,213.5,210.5,212.5,41592
"2017-08-14",213.5,214,210,211,29414
"2017-08-15",213,214.5,213,214,14385
"2017-08-16",214.5,214.5,211,213,25206
"2017-08-17",213.5,214,213,214,8353
"2017-08-18",212,213,211,212.5,14363
"2017-08-21",212.5,213,211.5,211.5,13847
"2017-08-22",213.5,214.5,213,214.5,17330
"2017-08-23",215.5,216,214,215.5,11757
"2017-08-24",216,217,215.5,217,15426
"2017-08-25",217.5,217.5,216,217.5,10975
